--------------------------------------------------------------------------------
Bandstructure
HorizontalLine(Fermi Level)
yData = 0.0 eV

VerticalLine(Y segment)
xData = 0.0 

VerticalLine(Gamma segment)
xData = 0.154583512136 

VerticalLine(X segment)
xData = 0.208690831983 

VerticalLine(V segment)
xData = 0.363274344119 

VerticalLine(U segment)
xData = 0.527053659923 

VerticalLine(R segment)
xData = 0.681637172059 

VerticalLine(Z segment)
xData = 0.845416487864 

VerticalLine(T segment)
xData = 0.999999970198 

Line(Band 0)
xData [141]     , yData [141]     
                , Hartree         
 0              , -0.412516385    
 0.007729175607 , -0.4218297117   
 0.01545835121  , -0.4308008559   
 0.02318752682  , -0.4393896183   
 0.03091670243  , -0.4475691911   
 0.03864587803  , -0.4553147922   
 0.04637505364  , -0.4626094451   
 0.05410422925  , -0.4694414138   
 0.06183340485  , -0.4757958785   
 0.06956258046  , -0.4816673403   
 0.07729175607  , -0.4870452852   
 0.08502093167  , -0.4919261911   
 0.09275010728  , -0.4963046554   
 0.1004792829   , -0.5001758831   
 0.1082084585   , -0.5035376237   
 0.1159376341   , -0.506386398    
 0.1236668097   , -0.5087196354   
 0.1313959853   , -0.5105363197   
 0.1391251609   , -0.511834741    
 0.1468543365   , -0.5126147211   
 0.1545835121   , -0.5128740286   
 0.1572888781   , -0.5128554213   
 0.1599942441   , -0.5127978203   
 0.1626996101   , -0.5127021136   
 0.1654049761   , -0.5125685375   
 0.1681103421   , -0.5123977885   
 0.1708157081   , -0.5121893272   
 0.1735210741   , -0.511945413    
 0.1762264401   , -0.5116656585   
 0.1789318061   , -0.5113518693   
 0.1816371721   , -0.5110050502   
 0.1843425381   , -0.5106261581   
 0.187047904    , -0.510217312    
 0.18975327     , -0.5097791312   
 0.192458636    , -0.509313339    
 0.195164002    , -0.5088226798   
 0.197869368    , -0.5083090133   
 0.200574734    , -0.5077745343   
 0.2032801      , -0.5072218878   
 0.205985466    , -0.5066534328   
 0.208690832    , -0.5060722027   
 0.2164200076   , -0.5058160556   
 0.2241491832   , -0.5050488019   
 0.2318783588   , -0.5037700031   
 0.2396075344   , -0.5019810491   
 0.24733671     , -0.4996830578   
 0.2550658856   , -0.4968768226   
 0.2627950612   , -0.4935657517   
 0.2705242368   , -0.4897515152   
 0.2782534124   , -0.4854372273   
 0.2859825881   , -0.4806271283   
 0.2937117637   , -0.4753252388   
 0.3014409393   , -0.469536868    
 0.3091701149   , -0.463269734    
 0.3168992905   , -0.4565323422   
 0.3246284661   , -0.4493344959   
 0.3323576417   , -0.4416915541   
 0.3400868173   , -0.433621423    
 0.3478159929   , -0.4251560227   
 0.3555451685   , -0.4163884636   
 0.3632743441   , -0.4091597393   
 0.3714633099   , -0.4163886966   
 0.3796522757   , -0.4251560872   
 0.3878412415   , -0.4336215459   
 0.3960302073   , -0.4416914122   
 0.4042191731   , -0.4493342857   
 0.4124081389   , -0.4565322799   
 0.4205971047   , -0.4632702928   
 0.4287860704   , -0.4695371963   
 0.4369750362   , -0.4753250282   
 0.445164002    , -0.4806264791   
 0.4533529678   , -0.4854367113   
 0.4615419336   , -0.4897512247   
 0.4697308994   , -0.4935656882   
 0.4779198652   , -0.4968767612   
 0.486108831    , -0.4996822566   
 0.4942977968   , -0.5019808125   
 0.5024867626   , -0.5037697005   
 0.5106757283   , -0.5050486453   
 0.5188646941   , -0.5058162145   
 0.5270536599   , -0.5060722945   
 0.5347828355   , -0.5058161792   
 0.5425120111   , -0.505048598    
 0.5502411867   , -0.5037694988   
 0.5579703624   , -0.5019802473   
 0.565699538    , -0.4996822764   
 0.5734287136   , -0.4968763979   
 0.5811578892   , -0.4935651781   
 0.5888870648   , -0.4897512788   
 0.5966162404   , -0.4854372799   
 0.604345416    , -0.4806264581   
 0.6120745916   , -0.4753240583   
 0.6198037672   , -0.4695366615   
 0.6275329428   , -0.4632707615   
 0.6352621184   , -0.4565333871   
 0.642991294    , -0.449335473    
 0.6507204696   , -0.4416905616   
 0.6584496452   , -0.4336194397   
 0.6661788208   , -0.4251547659   
 0.6739079965   , -0.4163874354   
 0.6816371721   , -0.4091579905   
 0.6898261378   , -0.4168463693   
 0.6980151036   , -0.4260993508   
 0.7062040694   , -0.4350504837   
 0.7143930352   , -0.4436086984   
 0.722582001    , -0.45173726     
 0.7307709668   , -0.4594131773   
 0.7389599326   , -0.4666189064   
 0.7471488984   , -0.4733386881   
 0.7553378642   , -0.4795608482   
 0.76352683     , -0.4852738878   
 0.7717157958   , -0.4904681136   
 0.7799047615   , -0.4951361436   
 0.7880937273   , -0.4992703735   
 0.7962826931   , -0.502865348    
 0.8044716589   , -0.505914882    
 0.8126606247   , -0.5084159893   
 0.8208495905   , -0.5103644504   
 0.8290385563   , -0.5117576508   
 0.8372275221   , -0.512594722    
 0.8454164879   , -0.5128738787   
 0.8531456635   , -0.5126141379   
 0.8608748391   , -0.5118344037   
 0.8686040147   , -0.5105354231   
 0.8763331903   , -0.508718978    
 0.8840623659   , -0.5063858838   
 0.8917915415   , -0.5035370653   
 0.8995207171   , -0.5001755092   
 0.9072498927   , -0.4963032341   
 0.9149790683   , -0.4919247263   
 0.9227082439   , -0.487044059    
 0.9304374195   , -0.4816646777   
 0.9381665951   , -0.4757939205   
 0.9458957708   , -0.4694403748   
 0.9536249464   , -0.4626103366   
 0.961354122    , -0.4553150308   
 0.9690832976   , -0.447570296    
 0.9768124732   , -0.4393888558   
 0.9845416488   , -0.4307997307   
 0.9922708244   , -0.4218271514   
 1              , -0.4125160193   

Line(Band 1)
xData [141]     , yData [141]     
                , Hartree         
 0              , -0.412516385    
 0.007729175607 , -0.4095441138   
 0.01545835121  , -0.4183240745   
 0.02318752682  , -0.4266991742   
 0.03091670243  , -0.4346495367   
 0.03864587803  , -0.442162105    
 0.04637505364  , -0.4492258012   
 0.05410422925  , -0.4558305602   
 0.06183340485  , -0.4619704342   
 0.06956258046  , -0.467635243    
 0.07729175607  , -0.472821682    
 0.08502093167  , -0.4775257143   
 0.09275010728  , -0.4817434969   
 0.1004792829   , -0.48547036     
 0.1082084585   , -0.4887047088   
 0.1159376341   , -0.4914440456   
 0.1236668097   , -0.4936877901   
 0.1313959853   , -0.4954342278   
 0.1391251609   , -0.4966821666   
 0.1468543365   , -0.4974309277   
 0.1545835121   , -0.4976802408   
 0.1572888781   , -0.4977098729   
 0.1599942441   , -0.4977976201   
 0.1626996101   , -0.4979427342   
 0.1654049761   , -0.4981438545   
 0.1681103421   , -0.4983982432   
 0.1708157081   , -0.4987031881   
 0.1735210741   , -0.4990554479   
 0.1762264401   , -0.499451474    
 0.1789318061   , -0.4998872061   
 0.1816371721   , -0.5003589408   
 0.1843425381   , -0.5008616324   
 0.187047904    , -0.5013912128   
 0.18975327     , -0.5019431901   
 0.192458636    , -0.5025130464   
 0.195164002    , -0.5030964537   
 0.197869368    , -0.5036886952   
 0.200574734    , -0.5042861471   
 0.2032801      , -0.5048852837   
 0.205985466    , -0.5054817873   
 0.208690832    , -0.5060722027   
 0.2164200076   , -0.5058160556   
 0.2241491832   , -0.5050488019   
 0.2318783588   , -0.5037700031   
 0.2396075344   , -0.5019810491   
 0.24733671     , -0.4996830578   
 0.2550658856   , -0.4968768226   
 0.2627950612   , -0.4935657517   
 0.2705242368   , -0.4897515152   
 0.2782534124   , -0.4854372273   
 0.2859825881   , -0.4806271283   
 0.2937117637   , -0.4753252388   
 0.3014409393   , -0.469536868    
 0.3091701149   , -0.463269734    
 0.3168992905   , -0.4565323422   
 0.3246284661   , -0.4493344959   
 0.3323576417   , -0.4416915541   
 0.3400868173   , -0.433621423    
 0.3478159929   , -0.4251560227   
 0.3555451685   , -0.4163884636   
 0.3632743441   , -0.4091597393   
 0.3714633099   , -0.4163886966   
 0.3796522757   , -0.4251560872   
 0.3878412415   , -0.4336215459   
 0.3960302073   , -0.4416914122   
 0.4042191731   , -0.4493342857   
 0.4124081389   , -0.4565322799   
 0.4205971047   , -0.4632702928   
 0.4287860704   , -0.4695371963   
 0.4369750362   , -0.4753250282   
 0.445164002    , -0.4806264791   
 0.4533529678   , -0.4854367113   
 0.4615419336   , -0.4897512247   
 0.4697308994   , -0.4935656882   
 0.4779198652   , -0.4968767612   
 0.486108831    , -0.4996822566   
 0.4942977968   , -0.5019808125   
 0.5024867626   , -0.5037697005   
 0.5106757283   , -0.5050486453   
 0.5188646941   , -0.5058162145   
 0.5270536599   , -0.5060722945   
 0.5347828355   , -0.5058161792   
 0.5425120111   , -0.505048598    
 0.5502411867   , -0.5037694988   
 0.5579703624   , -0.5019802473   
 0.565699538    , -0.4996822764   
 0.5734287136   , -0.4968763979   
 0.5811578892   , -0.4935651781   
 0.5888870648   , -0.4897512788   
 0.5966162404   , -0.4854372799   
 0.604345416    , -0.4806264581   
 0.6120745916   , -0.4753240583   
 0.6198037672   , -0.4695366615   
 0.6275329428   , -0.4632707615   
 0.6352621184   , -0.4565333871   
 0.642991294    , -0.449335473    
 0.6507204696   , -0.4416905616   
 0.6584496452   , -0.4336194397   
 0.6661788208   , -0.4251547659   
 0.6739079965   , -0.4163874354   
 0.6816371721   , -0.4091579905   
 0.6898261378   , -0.4159204087   
 0.6980151036   , -0.4241824662   
 0.7062040694   , -0.432128449    
 0.7143930352   , -0.4396654265   
 0.722582001    , -0.4467631489   
 0.7307709668   , -0.4534038513   
 0.7389599326   , -0.4595820146   
 0.7471488984   , -0.4652909117   
 0.7553378642   , -0.4705296096   
 0.76352683     , -0.4752965726   
 0.7717157958   , -0.4795931447   
 0.7799047615   , -0.4834231072   
 0.7880937273   , -0.4867896507   
 0.7962826931   , -0.4896957354   
 0.8044716589   , -0.4921457709   
 0.8126606247   , -0.4941437932   
 0.8208495905   , -0.4956931932   
 0.8290385563   , -0.496798272    
 0.8372275221   , -0.4974597048   
 0.8454164879   , -0.4976798986   
 0.8531456635   , -0.4974304866   
 0.8608748391   , -0.4966816923   
 0.8686040147   , -0.4954335857   
 0.8763331903   , -0.4936873997   
 0.8840623659   , -0.4914430146   
 0.8917915415   , -0.4887032692   
 0.8995207171   , -0.4854694012   
 0.9072498927   , -0.4817424281   
 0.9149790683   , -0.4775256978   
 0.9227082439   , -0.4728211352   
 0.9304374195   , -0.4676339554   
 0.9381665951   , -0.46196957     
 0.9458957708   , -0.4558309043   
 0.9536249464   , -0.4492240935   
 0.961354122    , -0.4421613798   
 0.9690832976   , -0.4346475232   
 0.9768124732   , -0.4266981228   
 0.9845416488   , -0.4183257823   
 0.9922708244   , -0.4095485566   
 1              , -0.4125160193   

Line(Band 2)
xData [141]     , yData [141]     
                , Hartree         
 0              , -0.4003868983   
 0.007729175607 , -0.402920076    
 0.01545835121  , -0.3931191264   
 0.02318752682  , -0.3832401761   
 0.03091670243  , -0.3734985745   
 0.03864587803  , -0.3642240639   
 0.04637505364  , -0.3559816256   
 0.05410422925  , -0.3496006279   
 0.06183340485  , -0.3459044109   
 0.06956258046  , -0.3450315341   
 0.07729175607  , -0.3462579869   
 0.08502093167  , -0.3486482638   
 0.09275010728  , -0.3515217456   
 0.1004792829   , -0.3544672234   
 0.1082084585   , -0.3572514961   
 0.1159376341   , -0.3597376024   
 0.1236668097   , -0.361845118    
 0.1313959853   , -0.3635229404   
 0.1391251609   , -0.3647393776   
 0.1468543365   , -0.3654756359   
 0.1545835121   , -0.3657215864   
 0.1572888781   , -0.3656300876   
 0.1599942441   , -0.365355025    
 0.1626996101   , -0.3648977321   
 0.1654049761   , -0.3642599034   
 0.1681103421   , -0.3634437415   
 0.1708157081   , -0.3624523605   
 0.1735210741   , -0.3612890882   
 0.1762264401   , -0.3599579425   
 0.1789318061   , -0.3584633592   
 0.1816371721   , -0.3568091404   
 0.1843425381   , -0.3550000293   
 0.187047904    , -0.3530413119   
 0.18975327     , -0.3509378942   
 0.192458636    , -0.3486946879   
 0.195164002    , -0.3463162956   
 0.197869368    , -0.3438059005   
 0.200574734    , -0.3411704034   
 0.2032801      , -0.338416516    
 0.205985466    , -0.3355458129   
 0.208690832    , -0.3325624032   
 0.2164200076   , -0.3323590097   
 0.2241491832   , -0.3317583426   
 0.2318783588   , -0.3307763014   
 0.2396075344   , -0.3294537343   
 0.24733671     , -0.3278517956   
 0.2550658856   , -0.3260722509   
 0.2627950612   , -0.3242932496   
 0.2705242368   , -0.3228029862   
 0.2782534124   , -0.3220736311   
 0.2859825881   , -0.3227936995   
 0.2937117637   , -0.3256936224   
 0.3014409393   , -0.3310735895   
 0.3091701149   , -0.338550908    
 0.3168992905   , -0.3474306361   
 0.3246284661   , -0.3570935727   
 0.3323576417   , -0.3671165586   
 0.3400868173   , -0.3772250292   
 0.3478159929   , -0.387233073    
 0.3555451685   , -0.3969592441   
 0.3632743441   , -0.4045135304   
 0.3714633099   , -0.3969577032   
 0.3796522757   , -0.3872331482   
 0.3878412415   , -0.3772259398   
 0.3960302073   , -0.3671156141   
 0.4042191731   , -0.3570935575   
 0.4124081389   , -0.3474296168   
 0.4205971047   , -0.338550383    
 0.4287860704   , -0.3310714313   
 0.4369750362   , -0.3256958736   
 0.445164002    , -0.3227963203   
 0.4533529678   , -0.322073526    
 0.4615419336   , -0.3228027743   
 0.4697308994   , -0.3242949778   
 0.4779198652   , -0.326074179    
 0.486108831    , -0.3278503875   
 0.4942977968   , -0.3294534751   
 0.5024867626   , -0.3307768245   
 0.5106757283   , -0.3317583436   
 0.5188646941   , -0.3323613998   
 0.5270536599   , -0.3325645727   
 0.5347828355   , -0.332361163    
 0.5425120111   , -0.3317584543   
 0.5502411867   , -0.3307764242   
 0.5579703624   , -0.3294517453   
 0.565699538    , -0.3278508917   
 0.5734287136   , -0.326073089    
 0.5811578892   , -0.3242934034   
 0.5888870648   , -0.3228037699   
 0.5966162404   , -0.3220763119   
 0.604345416    , -0.3227955473   
 0.6120745916   , -0.3256958778   
 0.6198037672   , -0.3310716438   
 0.6275329428   , -0.3385515819   
 0.6352621184   , -0.3474292734   
 0.642991294    , -0.3570923116   
 0.6507204696   , -0.3671185419   
 0.6584496452   , -0.3772273267   
 0.6661788208   , -0.3872344726   
 0.6739079965   , -0.3969590764   
 0.6816371721   , -0.4045122748   
 0.6898261378   , -0.3974122616   
 0.6980151036   , -0.3881587288   
 0.7062040694   , -0.3786383064   
 0.7143930352   , -0.369084191    
 0.722582001    , -0.3597746696   
 0.7307709668   , -0.3511775919   
 0.7389599326   , -0.3440611671   
 0.7471488984   , -0.3394545159   
 0.7553378642   , -0.3380461253   
 0.76352683     , -0.3394376001   
 0.7717157958   , -0.3425333017   
 0.7799047615   , -0.3463729596   
 0.7880937273   , -0.350356537    
 0.7962826931   , -0.3541404015   
 0.8044716589   , -0.3575302879   
 0.8126606247   , -0.360409361    
 0.8208495905   , -0.3627043123   
 0.8290385563   , -0.3643722341   
 0.8372275221   , -0.3653821607   
 0.8454164879   , -0.3657206049   
 0.8531456635   , -0.3654739516   
 0.8608748391   , -0.3647376891   
 0.8686040147   , -0.3635209021   
 0.8763331903   , -0.3618436935   
 0.8840623659   , -0.3597355791   
 0.8917915415   , -0.3572489955   
 0.8995207171   , -0.3544656631   
 0.9072498927   , -0.3515197088   
 0.9149790683   , -0.3486478246   
 0.9227082439   , -0.3462560915   
 0.9304374195   , -0.3450301467   
 0.9381665951   , -0.3459026582   
 0.9458957708   , -0.3495973923   
 0.9536249464   , -0.3559818478   
 0.961354122    , -0.3642243004   
 0.9690832976   , -0.3734997373   
 0.9768124732   , -0.3832444685   
 0.9845416488   , -0.3931169144   
 0.9922708244   , -0.4029167406   
 1              , -0.4003864533   

Line(Band 3)
xData [141]     , yData [141]     
                , Hartree         
 0              , -0.4003868983   
 0.007729175607 , -0.3908680257   
 0.01545835121  , -0.3810263051   
 0.02318752682  , -0.3709019366   
 0.03091670243  , -0.3605489399   
 0.03864587803  , -0.3500386959   
 0.04637505364  , -0.3394433774   
 0.05410422925  , -0.3288923949   
 0.06183340485  , -0.3185240624   
 0.06956258046  , -0.3085096732   
 0.07729175607  , -0.2990863517   
 0.08502093167  , -0.2905120655   
 0.09275010728  , -0.2830401325   
 0.1004792829   , -0.2768904824   
 0.1082084585   , -0.2721269723   
 0.1159376341   , -0.2686650591   
 0.1236668097   , -0.2662924807   
 0.1313959853   , -0.2647566131   
 0.1391251609   , -0.2638264034   
 0.1468543365   , -0.2633386195   
 0.1545835121   , -0.2631821597   
 0.1572888781   , -0.2641618224   
 0.1599942441   , -0.2666596657   
 0.1626996101   , -0.2699903242   
 0.1654049761   , -0.2737200393   
 0.1681103421   , -0.2776339174   
 0.1708157081   , -0.2816205244   
 0.1735210741   , -0.2856331023   
 0.1762264401   , -0.2896315662   
 0.1789318061   , -0.2935986464   
 0.1816371721   , -0.2975182296   
 0.1843425381   , -0.3013800517   
 0.187047904    , -0.3051797005   
 0.18975327     , -0.3089050089   
 0.192458636    , -0.312551041    
 0.195164002    , -0.3161170627   
 0.197869368    , -0.3195965413   
 0.200574734    , -0.3229854443   
 0.2032801      , -0.3262794513   
 0.205985466    , -0.3294721999   
 0.208690832    , -0.3325624032   
 0.2164200076   , -0.3323590097   
 0.2241491832   , -0.3317583426   
 0.2318783588   , -0.3307763014   
 0.2396075344   , -0.3294537343   
 0.24733671     , -0.3278517956   
 0.2550658856   , -0.3260722509   
 0.2627950612   , -0.3242932496   
 0.2705242368   , -0.3228029862   
 0.2782534124   , -0.3220736311   
 0.2859825881   , -0.3227936995   
 0.2937117637   , -0.3256936224   
 0.3014409393   , -0.3310735895   
 0.3091701149   , -0.338550908    
 0.3168992905   , -0.3474306361   
 0.3246284661   , -0.3570935727   
 0.3323576417   , -0.3671165586   
 0.3400868173   , -0.3772250292   
 0.3478159929   , -0.387233073    
 0.3555451685   , -0.3969592441   
 0.3632743441   , -0.4045135304   
 0.3714633099   , -0.3969577032   
 0.3796522757   , -0.3872331482   
 0.3878412415   , -0.3772259398   
 0.3960302073   , -0.3671156141   
 0.4042191731   , -0.3570935575   
 0.4124081389   , -0.3474296168   
 0.4205971047   , -0.338550383    
 0.4287860704   , -0.3310714313   
 0.4369750362   , -0.3256958736   
 0.445164002    , -0.3227963203   
 0.4533529678   , -0.322073526    
 0.4615419336   , -0.3228027743   
 0.4697308994   , -0.3242949778   
 0.4779198652   , -0.326074179    
 0.486108831    , -0.3278503875   
 0.4942977968   , -0.3294534751   
 0.5024867626   , -0.3307768245   
 0.5106757283   , -0.3317583436   
 0.5188646941   , -0.3323613998   
 0.5270536599   , -0.3325645727   
 0.5347828355   , -0.332361163    
 0.5425120111   , -0.3317584543   
 0.5502411867   , -0.3307764242   
 0.5579703624   , -0.3294517453   
 0.565699538    , -0.3278508917   
 0.5734287136   , -0.326073089    
 0.5811578892   , -0.3242934034   
 0.5888870648   , -0.3228037699   
 0.5966162404   , -0.3220763119   
 0.604345416    , -0.3227955473   
 0.6120745916   , -0.3256958778   
 0.6198037672   , -0.3310716438   
 0.6275329428   , -0.3385515819   
 0.6352621184   , -0.3474292734   
 0.642991294    , -0.3570923116   
 0.6507204696   , -0.3671185419   
 0.6584496452   , -0.3772273267   
 0.6661788208   , -0.3872344726   
 0.6739079965   , -0.3969590764   
 0.6816371721   , -0.4045122748   
 0.6898261378   , -0.39650324     
 0.6980151036   , -0.3863011414   
 0.7062040694   , -0.3757981824   
 0.7143930352   , -0.3651348834   
 0.722582001    , -0.3544208566   
 0.7307709668   , -0.343791628    
 0.7389599326   , -0.3334124582   
 0.7471488984   , -0.32348629     
 0.7553378642   , -0.3142493011   
 0.76352683     , -0.3059290796   
 0.7717157958   , -0.2986769039   
 0.7799047615   , -0.292485498    
 0.7880937273   , -0.2871917442   
 0.7962826931   , -0.2825468939   
 0.8044716589   , -0.2783078816   
 0.8126606247   , -0.2743091007   
 0.8208495905   , -0.2705001806   
 0.8290385563   , -0.2670096741   
 0.8372275221   , -0.2642856972   
 0.8454164879   , -0.2631836023   
 0.8531456635   , -0.2633366552   
 0.8608748391   , -0.2638272434   
 0.8686040147   , -0.2647546048   
 0.8763331903   , -0.2662933032   
 0.8840623659   , -0.2686675037   
 0.8917915415   , -0.2721284812   
 0.8995207171   , -0.2768925251   
 0.9072498927   , -0.2830401575   
 0.9149790683   , -0.2905080464   
 0.9227082439   , -0.2990907799   
 0.9304374195   , -0.3085139595   
 0.9381665951   , -0.318522171    
 0.9458957708   , -0.3288956451   
 0.9536249464   , -0.3394491704   
 0.961354122    , -0.3500338584   
 0.9690832976   , -0.3605498018   
 0.9768124732   , -0.3708986942   
 0.9845416488   , -0.3810209101   
 0.9922708244   , -0.3908625132   
 1              , -0.4003864533   

Line(Band 4)
xData [141]     , yData [141]     
                , Hartree         
 0              , -0.2401611504   
 0.007729175607 , -0.2504349204   
 0.01545835121  , -0.2599816958   
 0.02318752682  , -0.2686732696   
 0.03091670243  , -0.276317644    
 0.03864587803  , -0.2825944389   
 0.04637505364  , -0.2869694488   
 0.05410422925  , -0.2886475237   
 0.06183340485  , -0.2868556103   
 0.06956258046  , -0.2815066384   
 0.07729175607  , -0.2734036402   
 0.08502093167  , -0.2635659989   
 0.09275010728  , -0.2528020473   
 0.1004792829   , -0.2416754523   
 0.1082084585   , -0.2340940307   
 0.1159376341   , -0.2366142253   
 0.1236668097   , -0.2386806624   
 0.1313959853   , -0.2402948191   
 0.1391251609   , -0.2414485253   
 0.1468543365   , -0.2421467577   
 0.1545835121   , -0.242373706    
 0.1572888781   , -0.2413471529   
 0.1599942441   , -0.2386806563   
 0.1626996101   , -0.2350713214   
 0.1654049761   , -0.2309512174   
 0.1681103421   , -0.2265399092   
 0.1708157081   , -0.2219326328   
 0.1735210741   , -0.2172007095   
 0.1762264401   , -0.2123640582   
 0.1789318061   , -0.207455197    
 0.1816371721   , -0.2024883423   
 0.1843425381   , -0.1974709118   
 0.187047904    , -0.1924181715   
 0.18975327     , -0.1873313979   
 0.192458636    , -0.1855058012   
 0.195164002    , -0.1849688452   
 0.197869368    , -0.1844014463   
 0.200574734    , -0.1838115592   
 0.2032801      , -0.1832008342   
 0.205985466    , -0.182576545    
 0.208690832    , -0.181942625    
 0.2164200076   , -0.1839370598   
 0.2241491832   , -0.1892130496   
 0.2318783588   , -0.1966442953   
 0.2396075344   , -0.2054415871   
 0.24733671     , -0.2150878232   
 0.2550658856   , -0.225173024    
 0.2627950612   , -0.2353041385   
 0.2705242368   , -0.2450112491   
 0.2782534124   , -0.2536734774   
 0.2859825881   , -0.2604684754   
 0.2937117637   , -0.2645699433   
 0.3014409393   , -0.2655994083   
 0.3091701149   , -0.2638676102   
 0.3168992905   , -0.2600335615   
 0.3246284661   , -0.2546865342   
 0.3323576417   , -0.248262377    
 0.3400868173   , -0.2410962116   
 0.3478159929   , -0.2335968102   
 0.3555451685   , -0.2266956313   
 0.3632743441   , -0.2233073632   
 0.3714633099   , -0.2266961712   
 0.3796522757   , -0.2335969336   
 0.3878412415   , -0.2410970419   
 0.3960302073   , -0.2482607297   
 0.4042191731   , -0.2546862442   
 0.4124081389   , -0.2600333709   
 0.4205971047   , -0.2638683512   
 0.4287860704   , -0.2655977154   
 0.4369750362   , -0.2645705125   
 0.445164002    , -0.260468815    
 0.4533529678   , -0.2536706071   
 0.4615419336   , -0.2450121667   
 0.4697308994   , -0.2353069323   
 0.4779198652   , -0.2251734335   
 0.486108831    , -0.2150845047   
 0.4942977968   , -0.2054445733   
 0.5024867626   , -0.1966478754   
 0.5106757283   , -0.1892153342   
 0.5188646941   , -0.1839291359   
 0.5270536599   , -0.1819336208   
 0.5347828355   , -0.1839269022   
 0.5425120111   , -0.1892166366   
 0.5502411867   , -0.196649197    
 0.5579703624   , -0.2054451013   
 0.565699538    , -0.2150865787   
 0.5734287136   , -0.2251711763   
 0.5811578892   , -0.235306685    
 0.5888870648   , -0.2450161695   
 0.5966162404   , -0.2536762308   
 0.604345416    , -0.2604640153   
 0.6120745916   , -0.2645666434   
 0.6198037672   , -0.265596527    
 0.6275329428   , -0.2638697511   
 0.6352621184   , -0.2600352129   
 0.642991294    , -0.2546895076   
 0.6507204696   , -0.2482618803   
 0.6584496452   , -0.2410952134   
 0.6661788208   , -0.2335963737   
 0.6739079965   , -0.2266949235   
 0.6816371721   , -0.2233034937   
 0.6898261378   , -0.2284489465   
 0.6980151036   , -0.238106145    
 0.7062040694   , -0.2482519758   
 0.7143930352   , -0.2578687267   
 0.722582001    , -0.2664546886   
 0.7307709668   , -0.2734680957   
 0.7389599326   , -0.278126645    
 0.7471488984   , -0.2794095303   
 0.7553378642   , -0.2766562227   
 0.76352683     , -0.2703214039   
 0.7717157958   , -0.2615701075   
 0.7799047615   , -0.2514741336   
 0.7880937273   , -0.2407725219   
 0.7962826931   , -0.2299951852   
 0.8044716589   , -0.2285054873   
 0.8126606247   , -0.2308116082   
 0.8208495905   , -0.2343339823   
 0.8290385563   , -0.2380884945   
 0.8372275221   , -0.2411396898   
 0.8454164879   , -0.2423748854   
 0.8531456635   , -0.2421448073   
 0.8608748391   , -0.2414465457   
 0.8686040147   , -0.2402856865   
 0.8763331903   , -0.2386732906   
 0.8840623659   , -0.2366089893   
 0.8917915415   , -0.2340899794   
 0.8995207171   , -0.2416775011   
 0.9072498927   , -0.2528055408   
 0.9149790683   , -0.2635680844   
 0.9227082439   , -0.2733980623   
 0.9304374195   , -0.2815056861   
 0.9381665951   , -0.2868508792   
 0.9458957708   , -0.2886474469   
 0.9536249464   , -0.2869687837   
 0.961354122    , -0.2825938486   
 0.9690832976   , -0.2763155474   
 0.9768124732   , -0.2686730489   
 0.9845416488   , -0.259983638    
 0.9922708244   , -0.2504385074   
 1              , -0.2401606203   

Line(Band 5)
xData [141]     , yData [141]     
                , Hartree         
 0              , -0.2401611504   
 0.007729175607 , -0.2292451556   
 0.01545835121  , -0.2177932444   
 0.02318752682  , -0.2060318143   
 0.03091670243  , -0.1953536794   
 0.03864587803  , -0.1942254217   
 0.04637505364  , -0.1992627975   
 0.05410422925  , -0.2047553019   
 0.06183340485  , -0.2100581081   
 0.06956258046  , -0.2150539903   
 0.07729175607  , -0.2196778483   
 0.08502093167  , -0.2239102971   
 0.09275010728  , -0.2277324737   
 0.1004792829   , -0.231128175    
 0.1082084585   , -0.2306116823   
 0.1159376341   , -0.2199952979   
 0.1236668097   , -0.2102540012   
 0.1313959853   , -0.201813792    
 0.1391251609   , -0.1952039096   
 0.1468543365   , -0.1909503107   
 0.1545835121   , -0.1894802476   
 0.1572888781   , -0.189458621    
 0.1599942441   , -0.1893946536   
 0.1626996101   , -0.1892868958   
 0.1654049761   , -0.1891417775   
 0.1681103421   , -0.1889497559   
 0.1708157081   , -0.1887161048   
 0.1735210741   , -0.188441007    
 0.1762264401   , -0.188127071    
 0.1789318061   , -0.1877719058   
 0.1816371721   , -0.1873841297   
 0.1843425381   , -0.1869622513   
 0.187047904    , -0.1865097259   
 0.18975327     , -0.1860222766   
 0.192458636    , -0.1822151641   
 0.195164002    , -0.1787286045   
 0.197869368    , -0.1793642024   
 0.200574734    , -0.1800133347   
 0.2032801      , -0.1806607623   
 0.205985466    , -0.1813005144   
 0.208690832    , -0.181942625    
 0.2164200076   , -0.1839370598   
 0.2241491832   , -0.1892130496   
 0.2318783588   , -0.1966442953   
 0.2396075344   , -0.2054415871   
 0.24733671     , -0.2150878232   
 0.2550658856   , -0.225173024    
 0.2627950612   , -0.2353041385   
 0.2705242368   , -0.2450112491   
 0.2782534124   , -0.2536734774   
 0.2859825881   , -0.2604684754   
 0.2937117637   , -0.2645699433   
 0.3014409393   , -0.2655994082   
 0.3091701149   , -0.2638676102   
 0.3168992905   , -0.2600335615   
 0.3246284661   , -0.2546865342   
 0.3323576417   , -0.248262377    
 0.3400868173   , -0.2410962116   
 0.3478159929   , -0.2335968102   
 0.3555451685   , -0.2266956313   
 0.3632743441   , -0.2233073632   
 0.3714633099   , -0.2266961712   
 0.3796522757   , -0.2335969336   
 0.3878412415   , -0.2410970419   
 0.3960302073   , -0.2482607297   
 0.4042191731   , -0.2546862442   
 0.4124081389   , -0.2600333709   
 0.4205971047   , -0.2638683512   
 0.4287860704   , -0.2655977154   
 0.4369750362   , -0.2645705125   
 0.445164002    , -0.260468815    
 0.4533529678   , -0.2536706071   
 0.4615419336   , -0.2450121667   
 0.4697308994   , -0.2353069323   
 0.4779198652   , -0.2251734335   
 0.486108831    , -0.2150845047   
 0.4942977968   , -0.2054445733   
 0.5024867626   , -0.1966478754   
 0.5106757283   , -0.1892153342   
 0.5188646941   , -0.1839291359   
 0.5270536599   , -0.1819336208   
 0.5347828355   , -0.1839269022   
 0.5425120111   , -0.1892166366   
 0.5502411867   , -0.196649197    
 0.5579703624   , -0.2054451013   
 0.565699538    , -0.2150865787   
 0.5734287136   , -0.2251711763   
 0.5811578892   , -0.235306685    
 0.5888870648   , -0.2450161695   
 0.5966162404   , -0.2536762308   
 0.604345416    , -0.2604640153   
 0.6120745916   , -0.2645666434   
 0.6198037672   , -0.265596527    
 0.6275329428   , -0.2638697511   
 0.6352621184   , -0.2600352129   
 0.642991294    , -0.2546895076   
 0.6507204696   , -0.2482618803   
 0.6584496452   , -0.2410952134   
 0.6661788208   , -0.2335963737   
 0.6739079965   , -0.2266949235   
 0.6816371721   , -0.2233034937   
 0.6898261378   , -0.225065361    
 0.6980151036   , -0.2289452894   
 0.7062040694   , -0.2332335744   
 0.7143930352   , -0.2371749522   
 0.722582001    , -0.2404508809   
 0.7307709668   , -0.2428769351   
 0.7389599326   , -0.2443152982   
 0.7471488984   , -0.2446360549   
 0.7553378642   , -0.2437318896   
 0.76352683     , -0.2415617639   
 0.7717157958   , -0.238272446    
 0.7799047615   , -0.2343289871   
 0.7880937273   , -0.2306227309   
 0.7962826931   , -0.2283802871   
 0.8044716589   , -0.2195803894   
 0.8126606247   , -0.2099649163   
 0.8208495905   , -0.201635031    
 0.8290385563   , -0.1951182577   
 0.8372275221   , -0.1909343672   
 0.8454164879   , -0.1894967884   
 0.8531456635   , -0.1909617793   
 0.8608748391   , -0.195195254    
 0.8686040147   , -0.2017997403   
 0.8763331903   , -0.2102380854   
 0.8840623659   , -0.2199971364   
 0.8917915415   , -0.2306163927   
 0.8995207171   , -0.2311270347   
 0.9072498927   , -0.2277259581   
 0.9149790683   , -0.2239044694   
 0.9227082439   , -0.2196727606   
 0.9304374195   , -0.2150406341   
 0.9381665951   , -0.2100466738   
 0.9458957708   , -0.2047526553   
 0.9536249464   , -0.1992667292   
 0.961354122    , -0.1942252615   
 0.9690832976   , -0.1953551637   
 0.9768124732   , -0.2060289631   
 0.9845416488   , -0.2177880393   
 0.9922708244   , -0.2292395239   
 1              , -0.2401606203   

Line(Band 6)
xData [141]     , yData [141]     
                , Hartree         
 0              , -0.156858384    
 0.007729175607 , -0.1641648704   
 0.01545835121  , -0.1712061757   
 0.02318752682  , -0.1777524601   
 0.03091670243  , -0.1824076486   
 0.03864587803  , -0.1794185147   
 0.04637505364  , -0.1844995749   
 0.05410422925  , -0.1888977112   
 0.06183340485  , -0.1925254382   
 0.06956258046  , -0.1952777518   
 0.07729175607  , -0.1970202373   
 0.08502093167  , -0.1976146944   
 0.09275010728  , -0.1969310227   
 0.1004792829   , -0.1949523072   
 0.1082084585   , -0.191801227    
 0.1159376341   , -0.18781526     
 0.1236668097   , -0.1834960043   
 0.1313959853   , -0.1799856944   
 0.1391251609   , -0.1818851107   
 0.1468543365   , -0.1830284602   
 0.1545835121   , -0.1834069018   
 0.1572888781   , -0.1833685485   
 0.1599942441   , -0.1832597431   
 0.1626996101   , -0.1830796447   
 0.1654049761   , -0.1828254872   
 0.1681103421   , -0.1824994303   
 0.1708157081   , -0.1821017945   
 0.1735210741   , -0.1816315155   
 0.1762264401   , -0.1810932348   
 0.1789318061   , -0.1804863783   
 0.1816371721   , -0.179812816    
 0.1843425381   , -0.1790722091   
 0.187047904    , -0.1782673874   
 0.18975327     , -0.1774975746   
 0.192458636    , -0.1781052495   
 0.195164002    , -0.1770824649   
 0.197869368    , -0.1744401554   
 0.200574734    , -0.173343993    
 0.2032801      , -0.172198129    
 0.205985466    , -0.1710042247   
 0.208690832    , -0.1697708498   
 0.2164200076   , -0.169390004    
 0.2241491832   , -0.1682476872   
 0.2318783588   , -0.1663418636   
 0.2396075344   , -0.1636764805   
 0.24733671     , -0.160254919    
 0.2550658856   , -0.1560763585   
 0.2627950612   , -0.1511451585   
 0.2705242368   , -0.1454645035   
 0.2782534124   , -0.1390400709   
 0.2859825881   , -0.1318794437   
 0.2937117637   , -0.1286975272   
 0.3014409393   , -0.1294588534   
 0.3091701149   , -0.1335930658   
 0.3168992905   , -0.1423673329   
 0.3246284661   , -0.1534376436   
 0.3323576417   , -0.1649288098   
 0.3400868173   , -0.1761067798   
 0.3478159929   , -0.1864767736   
 0.3555451685   , -0.1951017064   
 0.3632743441   , -0.1990639863   
 0.3714633099   , -0.1951008178   
 0.3796522757   , -0.1864764568   
 0.3878412415   , -0.1761077229   
 0.3960302073   , -0.1649291494   
 0.4042191731   , -0.1534368193   
 0.4124081389   , -0.1423644435   
 0.4205971047   , -0.1335932668   
 0.4287860704   , -0.1294591435   
 0.4369750362   , -0.1286969817   
 0.445164002    , -0.1319100718   
 0.4533529678   , -0.139074146    
 0.4615419336   , -0.1455040838   
 0.4697308994   , -0.1511920882   
 0.4779198652   , -0.1561279543   
 0.486108831    , -0.16031288     
 0.4942977968   , -0.1637429055   
 0.5024867626   , -0.166410158    
 0.5106757283   , -0.1683162186   
 0.5188646941   , -0.1694616965   
 0.5270536599   , -0.169845762    
 0.5347828355   , -0.1694623926   
 0.5425120111   , -0.1683178684   
 0.5502411867   , -0.1664113323   
 0.5579703624   , -0.1637421702   
 0.565699538    , -0.1603161208   
 0.5734287136   , -0.1561347977   
 0.5811578892   , -0.1512038948   
 0.5888870648   , -0.1455263804   
 0.5966162404   , -0.1391025932   
 0.604345416    , -0.1319394923   
 0.6120745916   , -0.1286933709   
 0.6198037672   , -0.1294545651   
 0.6275329428   , -0.133593715    
 0.6352621184   , -0.1423650556   
 0.642991294    , -0.1534332807   
 0.6507204696   , -0.1649265415   
 0.6584496452   , -0.1761043228   
 0.6661788208   , -0.1864763924   
 0.6739079965   , -0.1950989325   
 0.6816371721   , -0.1990604996   
 0.6898261378   , -0.1965279796   
 0.6980151036   , -0.1903349491   
 0.7062040694   , -0.1821986736   
 0.7143930352   , -0.1729112868   
 0.722582001    , -0.1629308986   
 0.7307709668   , -0.1532482414   
 0.7389599326   , -0.1494590025   
 0.7471488984   , -0.1541336558   
 0.7553378642   , -0.1606813761   
 0.76352683     , -0.1674860924   
 0.7717157958   , -0.1740189013   
 0.7799047615   , -0.1798006004   
 0.7880937273   , -0.1841721516   
 0.7962826931   , -0.1862989986   
 0.8044716589   , -0.1856936587   
 0.8126606247   , -0.1829592963   
 0.8208495905   , -0.1797488129   
 0.8290385563   , -0.1818281246   
 0.8372275221   , -0.1830766697   
 0.8454164879   , -0.183493352    
 0.8531456635   , -0.1831130589   
 0.8608748391   , -0.1819739548   
 0.8686040147   , -0.1800766574   
 0.8763331903   , -0.1835007056   
 0.8840623659   , -0.1878225038   
 0.8917915415   , -0.1918014678   
 0.8995207171   , -0.1949498085   
 0.9072498927   , -0.1969250884   
 0.9149790683   , -0.1976090269   
 0.9227082439   , -0.1970216909   
 0.9304374195   , -0.1952764895   
 0.9381665951   , -0.1925234282   
 0.9458957708   , -0.1889007062   
 0.9536249464   , -0.1845062274   
 0.961354122    , -0.1794203864   
 0.9690832976   , -0.1824083776   
 0.9768124732   , -0.1777459258   
 0.9845416488   , -0.1711976784   
 0.9922708244   , -0.1641569851   
 1              , -0.1568530738   

Line(Band 7)
xData [141]     , yData [141]     
                , Hartree         
 0              , -0.156858384    
 0.007729175607 , -0.1532442149   
 0.01545835121  , -0.1605895249   
 0.02318752682  , -0.1674217024   
 0.03091670243  , -0.173710235    
 0.03864587803  , -0.1767029504   
 0.04637505364  , -0.1640149666   
 0.05410422925  , -0.1500833022   
 0.06183340485  , -0.1355518344   
 0.06956258046  , -0.1378229467   
 0.07729175607  , -0.1456720587   
 0.08502093167  , -0.1528001693   
 0.09275010728  , -0.1591913088   
 0.1004792829   , -0.1648478977   
 0.1082084585   , -0.1697596432   
 0.1159376341   , -0.1739207854   
 0.1236668097   , -0.177330869    
 0.1313959853   , -0.1793820534   
 0.1391251609   , -0.1760058788   
 0.1468543365   , -0.1738086644   
 0.1545835121   , -0.1730329607   
 0.1572888781   , -0.1730634546   
 0.1599942441   , -0.1731537051   
 0.1626996101   , -0.1733031298   
 0.1654049761   , -0.1735152297   
 0.1681103421   , -0.1737779512   
 0.1708157081   , -0.1740938748   
 0.1735210741   , -0.1744567601   
 0.1762264401   , -0.1748687571   
 0.1789318061   , -0.175324467    
 0.1816371721   , -0.1758189527   
 0.1843425381   , -0.1763475904   
 0.187047904    , -0.1769086921   
 0.18975327     , -0.177399435    
 0.192458636    , -0.1764708964   
 0.195164002    , -0.1754834282   
 0.197869368    , -0.1719400241   
 0.200574734    , -0.1667935133   
 0.2032801      , -0.1671981196   
 0.205985466    , -0.1685000263   
 0.208690832    , -0.1697708498   
 0.2164200076   , -0.169390004    
 0.2241491832   , -0.1682476872   
 0.2318783588   , -0.1663418636   
 0.2396075344   , -0.1636764805   
 0.24733671     , -0.160254919    
 0.2550658856   , -0.1560763585   
 0.2627950612   , -0.1511451585   
 0.2705242368   , -0.1454645035   
 0.2782534124   , -0.1390400709   
 0.2859825881   , -0.1318794437   
 0.2937117637   , -0.1286975272   
 0.3014409393   , -0.1294588534   
 0.3091701149   , -0.1335930658   
 0.3168992905   , -0.1423673329   
 0.3246284661   , -0.1534376436   
 0.3323576417   , -0.1649288098   
 0.3400868173   , -0.1761067798   
 0.3478159929   , -0.1864767736   
 0.3555451685   , -0.1951017064   
 0.3632743441   , -0.1990639863   
 0.3714633099   , -0.1951008178   
 0.3796522757   , -0.1864764568   
 0.3878412415   , -0.1761077229   
 0.3960302073   , -0.1649291494   
 0.4042191731   , -0.1534368193   
 0.4124081389   , -0.1423644435   
 0.4205971047   , -0.1335932668   
 0.4287860704   , -0.1294591435   
 0.4369750362   , -0.1286969817   
 0.445164002    , -0.1319100718   
 0.4533529678   , -0.139074146    
 0.4615419336   , -0.1455040838   
 0.4697308994   , -0.1511920882   
 0.4779198652   , -0.1561279543   
 0.486108831    , -0.16031288     
 0.4942977968   , -0.1637429055   
 0.5024867626   , -0.166410158    
 0.5106757283   , -0.1683162186   
 0.5188646941   , -0.1694616965   
 0.5270536599   , -0.169845762    
 0.5347828355   , -0.1694623926   
 0.5425120111   , -0.1683178684   
 0.5502411867   , -0.1664113323   
 0.5579703624   , -0.1637421702   
 0.565699538    , -0.1603161208   
 0.5734287136   , -0.1561347977   
 0.5811578892   , -0.1512038948   
 0.5888870648   , -0.1455263804   
 0.5966162404   , -0.1391025932   
 0.604345416    , -0.1319394923   
 0.6120745916   , -0.1286933709   
 0.6198037672   , -0.1294545651   
 0.6275329428   , -0.133593715    
 0.6352621184   , -0.1423650556   
 0.642991294    , -0.1534332807   
 0.6507204696   , -0.1649265415   
 0.6584496452   , -0.1761043228   
 0.6661788208   , -0.1864763924   
 0.6739079965   , -0.1950989325   
 0.6816371721   , -0.1990604996   
 0.6898261378   , -0.1933845602   
 0.6980151036   , -0.1821304331   
 0.7062040694   , -0.1693331917   
 0.7143930352   , -0.1560260315   
 0.722582001    , -0.1427831861   
 0.7307709668   , -0.1357316807   
 0.7389599326   , -0.134211667    
 0.7471488984   , -0.1241212467   
 0.7553378642   , -0.1335087058   
 0.76352683     , -0.1421179403   
 0.7717157958   , -0.1499334878   
 0.7799047615   , -0.1569437897   
 0.7880937273   , -0.1631448062   
 0.7962826931   , -0.1685313165   
 0.8044716589   , -0.1730930626   
 0.8126606247   , -0.1768324444   
 0.8208495905   , -0.1793723204   
 0.8290385563   , -0.1760790291   
 0.8372275221   , -0.1738187573   
 0.8454164879   , -0.1730269483   
 0.8531456635   , -0.173792449    
 0.8608748391   , -0.1760104393   
 0.8686040147   , -0.1793818549   
 0.8763331903   , -0.1774212717   
 0.8840623659   , -0.1740087628   
 0.8917915415   , -0.1698339521   
 0.8995207171   , -0.1649218424   
 0.9072498927   , -0.1592626033   
 0.9149790683   , -0.1528644986   
 0.9227082439   , -0.145737902    
 0.9304374195   , -0.1378849029   
 0.9381665951   , -0.135551911    
 0.9458957708   , -0.1500857525   
 0.9536249464   , -0.164019102    
 0.961354122    , -0.1767002472   
 0.9690832976   , -0.1737128515   
 0.9768124732   , -0.1674189278   
 0.9845416488   , -0.1605846704   
 0.9922708244   , -0.1532390369   
 1              , -0.1568530738   

Line(Band 8)
xData [141]     , yData [141]     
                , Hartree         
 0              , -0.1454053645   
 0.007729175607 , -0.14939012     
 0.01545835121  , -0.1418293336   
 0.02318752682  , -0.1342528816   
 0.03091670243  , -0.1267524341   
 0.03864587803  , -0.1194010368   
 0.04637505364  , -0.1122982398   
 0.05410422925  , -0.1199945348   
 0.06183340485  , -0.1292572174   
 0.06956258046  , -0.1205676143   
 0.07729175607  , -0.1107206235   
 0.08502093167  , -0.1180481703   
 0.09275010728  , -0.1246065827   
 0.1004792829   , -0.1303964791   
 0.1082084585   , -0.1354181467   
 0.1159376341   , -0.1396679187   
 0.1236668097   , -0.1431482359   
 0.1313959853   , -0.1458558533   
 0.1391251609   , -0.1477904681   
 0.1468543365   , -0.1489472073   
 0.1545835121   , -0.1493315102   
 0.1572888781   , -0.1494166875   
 0.1599942441   , -0.1496704528   
 0.1626996101   , -0.1500852378   
 0.1654049761   , -0.15065611     
 0.1681103421   , -0.1513668803   
 0.1708157081   , -0.1522069935   
 0.1735210741   , -0.1531608495   
 0.1762264401   , -0.1542154584   
 0.1789318061   , -0.1553545006   
 0.1816371721   , -0.1565640646   
 0.1843425381   , -0.1578277044   
 0.187047904    , -0.1591314964   
 0.18975327     , -0.1604657168   
 0.192458636    , -0.1618173721   
 0.195164002    , -0.1631761599   
 0.197869368    , -0.1645322926   
 0.200574734    , -0.1658751192   
 0.2032801      , -0.1616514185   
 0.205985466    , -0.1565201648   
 0.208690832    , -0.1514015673   
 0.2164200076   , -0.150335768    
 0.2241491832   , -0.1477798849   
 0.2318783588   , -0.1447050892   
 0.2396075344   , -0.141658951    
 0.24733671     , -0.1388543712   
 0.2550658856   , -0.1363386217   
 0.2627950612   , -0.1341165545   
 0.2705242368   , -0.1321827633   
 0.2782534124   , -0.1305542509   
 0.2859825881   , -0.129315506    
 0.2937117637   , -0.1239919048   
 0.3014409393   , -0.1153890729   
 0.3091701149   , -0.1124227899   
 0.3168992905   , -0.1159509752   
 0.3246284661   , -0.1168031084   
 0.3323576417   , -0.1167964114   
 0.3400868173   , -0.1165613972   
 0.3478159929   , -0.116304656    
 0.3555451685   , -0.1161308877   
 0.3632743441   , -0.1160707088   
 0.3714633099   , -0.1161295223   
 0.3796522757   , -0.116307172    
 0.3878412415   , -0.1165608901   
 0.3960302073   , -0.1167968937   
 0.4042191731   , -0.1167986328   
 0.4124081389   , -0.1159479327   
 0.4205971047   , -0.112423667    
 0.4287860704   , -0.1154166207   
 0.4369750362   , -0.1240203446   
 0.445164002    , -0.1293121527   
 0.4533529678   , -0.1305560891   
 0.4615419336   , -0.1321893312   
 0.4697308994   , -0.134121499    
 0.4779198652   , -0.1363404798   
 0.486108831    , -0.1388545048   
 0.4942977968   , -0.1416615878   
 0.5024867626   , -0.1447015859   
 0.5106757283   , -0.1477805188   
 0.5188646941   , -0.1503353337   
 0.5270536599   , -0.1514022554   
 0.5347828355   , -0.1503346478   
 0.5425120111   , -0.1477790624   
 0.5502411867   , -0.1447010737   
 0.5579703624   , -0.1416594812   
 0.565699538    , -0.1388555949   
 0.5734287136   , -0.136339349    
 0.5811578892   , -0.1341234043   
 0.5888870648   , -0.132188984    
 0.5966162404   , -0.1305596244   
 0.604345416    , -0.1293115436   
 0.6120745916   , -0.1240508703   
 0.6198037672   , -0.1154511392   
 0.6275329428   , -0.1124257398   
 0.6352621184   , -0.1159497331   
 0.642991294    , -0.1167958689   
 0.6507204696   , -0.1167910783   
 0.6584496452   , -0.1165525411   
 0.6661788208   , -0.1163010029   
 0.6739079965   , -0.1161241208   
 0.6816371721   , -0.1160587799   
 0.6898261378   , -0.1167454794   
 0.6980151036   , -0.1187614863   
 0.7062040694   , -0.1219961525   
 0.7143930352   , -0.1262486393   
 0.722582001    , -0.131177353    
 0.7307709668   , -0.130324287    
 0.7389599326   , -0.1196718406   
 0.7471488984   , -0.123904026    
 0.7553378642   , -0.1116949631   
 0.76352683     , -0.1183528995   
 0.7717157958   , -0.1243454671   
 0.7799047615   , -0.1296743531   
 0.7880937273   , -0.134348849    
 0.7962826931   , -0.1383735368   
 0.8044716589   , -0.1417586917   
 0.8126606247   , -0.1445138829   
 0.8208495905   , -0.1466477233   
 0.8290385563   , -0.1481668759   
 0.8372275221   , -0.1490741795   
 0.8454164879   , -0.1493780927   
 0.8531456635   , -0.1489893095   
 0.8608748391   , -0.1478293972   
 0.8686040147   , -0.1458894421   
 0.8763331903   , -0.1431844314   
 0.8840623659   , -0.1397029453   
 0.8917915415   , -0.1354495289   
 0.8995207171   , -0.1304282391   
 0.9072498927   , -0.124636595    
 0.9149790683   , -0.1180790809   
 0.9227082439   , -0.1107573881   
 0.9304374195   , -0.1205724961   
 0.9381665951   , -0.1293201649   
 0.9458957708   , -0.1200575037   
 0.9536249464   , -0.1122908494   
 0.961354122    , -0.1193944115   
 0.9690832976   , -0.1267438896   
 0.9768124732   , -0.1342485985   
 0.9845416488   , -0.1418193407   
 0.9922708244   , -0.14937752     
 1              , -0.1453993122   

Line(Band 9)
xData [141]     , yData [141]     
                , Hartree         
 0              , -0.1454053645   
 0.007729175607 , -0.1370922815   
 0.01545835121  , -0.1283201803   
 0.02318752682  , -0.1191048045   
 0.03091670243  , -0.1094750574   
 0.03864587803  , -0.0994620928   
 0.04637505364  , -0.1100517875   
 0.05410422925  , -0.105547305    
 0.06183340485  , -0.09925991845  
 0.06956258046  , -0.1026364499   
 0.07729175607  , -0.1052363616   
 0.08502093167  , -0.08964549003  
 0.09275010728  , -0.08104704412  
 0.1004792829   , -0.07873230402  
 0.1082084585   , -0.07742392758  
 0.1159376341   , -0.07706557993  
 0.1236668097   , -0.07752595883  
 0.1313959853   , -0.07853787496  
 0.1391251609   , -0.07974563581  
 0.1468543365   , -0.08071549804  
 0.1545835121   , -0.08108626588  
 0.1572888781   , -0.08135492548  
 0.1599942441   , -0.08215178565  
 0.1626996101   , -0.08346569092  
 0.1654049761   , -0.085275327    
 0.1681103421   , -0.08753339507  
 0.1708157081   , -0.09020108688  
 0.1735210741   , -0.09324011887  
 0.1762264401   , -0.09660834747  
 0.1789318061   , -0.1002650253   
 0.1816371721   , -0.1041831986   
 0.1843425381   , -0.1083198436   
 0.187047904    , -0.1126499494   
 0.18975327     , -0.1171426099   
 0.192458636    , -0.1217737331   
 0.195164002    , -0.1265216745   
 0.197869368    , -0.1313654763   
 0.200574734    , -0.1362895637   
 0.2032801      , -0.1412792059   
 0.205985466    , -0.1463211712   
 0.208690832    , -0.1514015673   
 0.2164200076   , -0.150335768    
 0.2241491832   , -0.1477798849   
 0.2318783588   , -0.1447050892   
 0.2396075344   , -0.141658951    
 0.24733671     , -0.1388543712   
 0.2550658856   , -0.1363386217   
 0.2627950612   , -0.1341165545   
 0.2705242368   , -0.1321827633   
 0.2782534124   , -0.1305542509   
 0.2859825881   , -0.129315506    
 0.2937117637   , -0.1239919048   
 0.3014409393   , -0.1153890729   
 0.3091701149   , -0.1124227899   
 0.3168992905   , -0.1159509752   
 0.3246284661   , -0.1168031084   
 0.3323576417   , -0.1167964114   
 0.3400868173   , -0.1165613972   
 0.3478159929   , -0.116304656    
 0.3555451685   , -0.1161308877   
 0.3632743441   , -0.1160707088   
 0.3714633099   , -0.1161295223   
 0.3796522757   , -0.116307172    
 0.3878412415   , -0.1165608901   
 0.3960302073   , -0.1167968937   
 0.4042191731   , -0.1167986328   
 0.4124081389   , -0.1159479327   
 0.4205971047   , -0.112423667    
 0.4287860704   , -0.1154166207   
 0.4369750362   , -0.1240203446   
 0.445164002    , -0.1293121527   
 0.4533529678   , -0.1305560891   
 0.4615419336   , -0.1321893312   
 0.4697308994   , -0.134121499    
 0.4779198652   , -0.1363404798   
 0.486108831    , -0.1388545048   
 0.4942977968   , -0.1416615878   
 0.5024867626   , -0.1447015859   
 0.5106757283   , -0.1477805188   
 0.5188646941   , -0.1503353337   
 0.5270536599   , -0.1514022554   
 0.5347828355   , -0.1503346478   
 0.5425120111   , -0.1477790624   
 0.5502411867   , -0.1447010737   
 0.5579703624   , -0.1416594812   
 0.565699538    , -0.1388555949   
 0.5734287136   , -0.136339349    
 0.5811578892   , -0.1341234043   
 0.5888870648   , -0.132188984    
 0.5966162404   , -0.1305596244   
 0.604345416    , -0.1293115436   
 0.6120745916   , -0.1240508703   
 0.6198037672   , -0.1154511392   
 0.6275329428   , -0.1124257398   
 0.6352621184   , -0.1159497331   
 0.642991294    , -0.1167958689   
 0.6507204696   , -0.1167910783   
 0.6584496452   , -0.1165525411   
 0.6661788208   , -0.1163010029   
 0.6739079965   , -0.1161241208   
 0.6816371721   , -0.1160587799   
 0.6898261378   , -0.1157084466   
 0.6980151036   , -0.1146367455   
 0.7062040694   , -0.1128078705   
 0.7143930352   , -0.110110739    
 0.722582001    , -0.1063086526   
 0.7307709668   , -0.1030761594   
 0.7389599326   , -0.1139662319   
 0.7471488984   , -0.1114580532   
 0.7553378642   , -0.1112498443   
 0.76352683     , -0.09987026075  
 0.7717157958   , -0.09523152978  
 0.7799047615   , -0.0911202432   
 0.7880937273   , -0.08757702501  
 0.7962826931   , -0.08471267602  
 0.8044716589   , -0.08261988669  
 0.8126606247   , -0.08133866494  
 0.8208495905   , -0.08079962208  
 0.8290385563   , -0.0807868526   
 0.8372275221   , -0.08097572217  
 0.8454164879   , -0.08107339093  
 0.8531456635   , -0.08071098559  
 0.8608748391   , -0.07974184877  
 0.8686040147   , -0.07853669358  
 0.8763331903   , -0.07751685654  
 0.8840623659   , -0.07705732179  
 0.8917915415   , -0.07741339678  
 0.8995207171   , -0.07872756869  
 0.9072498927   , -0.08104140436  
 0.9149790683   , -0.08964051442  
 0.9227082439   , -0.1052410242   
 0.9304374195   , -0.1026776263   
 0.9381665951   , -0.09925260898  
 0.9458957708   , -0.1055368305   
 0.9536249464   , -0.1101153136   
 0.961354122    , -0.09951988691  
 0.9690832976   , -0.1094764828   
 0.9768124732   , -0.1191117711   
 0.9845416488   , -0.1283143354   
 0.9922708244   , -0.1370843222   
 1              , -0.1453993122   

Line(Band 10)
xData [141]     , yData [141]     
                , Hartree         
 0              , -0.0386835984   
 0.007729175607 , -0.05153557227  
 0.01545835121  , -0.06418904105  
 0.02318752682  , -0.07646811301  
 0.03091670243  , -0.08824845287  
 0.03864587803  , -0.09943357041  
 0.04637505364  , -0.08900316997  
 0.05410422925  , -0.08419125968  
 0.06183340485  , -0.09379541376  
 0.06956258046  , -0.09355180657  
 0.07729175607  , -0.08853563709  
 0.08502093167  , -0.08432714426  
 0.09275010728  , -0.0738886276   
 0.1004792829   , -0.05813310083  
 0.1082084585   , -0.04256034028  
 0.1159376341   , -0.0332513702   
 0.1236668097   , -0.03610526624  
 0.1313959853   , -0.03834560281  
 0.1391251609   , -0.03995651843  
 0.1468543365   , -0.04092448861  
 0.1545835121   , -0.04124746173  
 0.1572888781   , -0.04107693478  
 0.1599942441   , -0.0405664557   
 0.1626996101   , -0.03972164861  
 0.1654049761   , -0.03855409534  
 0.1681103421   , -0.03707005143  
 0.1708157081   , -0.0352851522   
 0.1735210741   , -0.03321484072  
 0.1762264401   , -0.03087406573  
 0.1789318061   , -0.02827894611  
 0.1816371721   , -0.02544388026  
 0.1843425381   , -0.02238591016  
 0.187047904    , -0.01911934225  
 0.18975327     , -0.01565670818  
 0.192458636    , -0.0120106925   
 0.195164002    , -0.008193967364 
 0.197869368    , -0.004215541099 
 0.200574734    , -8.585332181e-05
 0.2032801      ,  0.004183524524 
 0.205985466    ,  0.008582882243 
 0.208690832    ,  0.01310835429  
 0.2164200076   ,  0.01343353039  
 0.2241491832   ,  0.01440401761  
 0.2318783588   ,  0.01601657348  
 0.2396075344   ,  0.01346722596  
 0.24733671     , -0.001743549974 
 0.2550658856   , -0.01726568704  
 0.2627950612   , -0.03283321441  
 0.2705242368   , -0.04824762742  
 0.2782534124   , -0.06335405392  
 0.2859825881   , -0.07796114767  
 0.2937117637   , -0.09175597122  
 0.3014409393   , -0.1039258303   
 0.3091701149   , -0.1060950205   
 0.3168992905   , -0.09612733468  
 0.3246284661   , -0.08553455521  
 0.3323576417   , -0.07438500981  
 0.3400868173   , -0.06282245904  
 0.3478159929   , -0.05120150438  
 0.3555451685   , -0.04065093109  
 0.3632743441   , -0.03539514897  
 0.3714633099   , -0.04065118971  
 0.3796522757   , -0.05120314779  
 0.3878412415   , -0.06282578637  
 0.3960302073   , -0.07438992777  
 0.4042191731   , -0.08554481631  
 0.4124081389   , -0.09614185228  
 0.4205971047   , -0.1061138119   
 0.4287860704   , -0.1039249577   
 0.4369750362   , -0.09176025593  
 0.445164002    , -0.07796897478  
 0.4533529678   , -0.06335637863  
 0.4615419336   , -0.04824906463  
 0.4697308994   , -0.03283271558  
 0.4779198652   , -0.01726228866  
 0.486108831    , -0.001731015818 
 0.4942977968   ,  0.01347715064  
 0.5024867626   ,  0.01583759016  
 0.5106757283   ,  0.01422039994  
 0.5188646941   ,  0.01324304476  
 0.5270536599   ,  0.01291703948  
 0.5347828355   ,  0.01324566408  
 0.5425120111   ,  0.01421683448  
 0.5502411867   ,  0.01583303972  
 0.5579703624   ,  0.01347847751  
 0.565699538    , -0.001734535438 
 0.5734287136   , -0.01725823864  
 0.5811578892   , -0.03283018395  
 0.5888870648   , -0.04825280766  
 0.5966162404   , -0.06336009156  
 0.604345416    , -0.07796968311  
 0.6120745916   , -0.09176375374  
 0.6198037672   , -0.1039239365   
 0.6275329428   , -0.1061566286   
 0.6352621184   , -0.09619001087  
 0.642991294    , -0.08559327797  
 0.6507204696   , -0.0744402545   
 0.6584496452   , -0.06287760836  
 0.6661788208   , -0.05125471642  
 0.6739079965   , -0.04070257461  
 0.6816371721   , -0.03544587407  
 0.6898261378   , -0.041657936    
 0.6980151036   , -0.05362175354  
 0.7062040694   , -0.06652809763  
 0.7143930352   , -0.07925793969  
 0.722582001    , -0.09148448068  
 0.7307709668   , -0.1008784827   
 0.7389599326   , -0.09641141781  
 0.7471488984   , -0.1043788139   
 0.7553378642   , -0.1051381882   
 0.76352683     , -0.09771235841  
 0.7717157958   , -0.08361817176  
 0.7799047615   , -0.06914114913  
 0.7880937273   , -0.05446637619  
 0.7962826931   , -0.03982002648  
 0.8044716589   , -0.02921911463  
 0.8126606247   , -0.0335660452   
 0.8208495905   , -0.03698380604  
 0.8290385563   , -0.03944458846  
 0.8372275221   , -0.04092580156  
 0.8454164879   , -0.04142223984  
 0.8531456635   , -0.04109644738  
 0.8608748391   , -0.04012698061  
 0.8686040147   , -0.03851149071  
 0.8763331903   , -0.03626985365  
 0.8840623659   , -0.0334140416   
 0.8917915415   , -0.04256448989  
 0.8995207171   , -0.0581360273   
 0.9072498927   , -0.07388969283  
 0.9149790683   , -0.08433286955  
 0.9227082439   , -0.08853167548  
 0.9304374195   , -0.09354353653  
 0.9381665951   , -0.09383608735  
 0.9458957708   , -0.08423485139  
 0.9536249464   , -0.0889997226   
 0.961354122    , -0.09943226177  
 0.9690832976   , -0.08830560466  
 0.9768124732   , -0.07652453351  
 0.9845416488   , -0.06424978974  
 0.9922708244   , -0.05159082058  
 1              , -0.03873696331  

Line(Band 11)
xData [141]     , yData [141]     
                , Hartree         
 0              , -0.0386835984   
 0.007729175607 , -0.02594425401  
 0.01545835121  , -0.02503235724  
 0.02318752682  , -0.03833543809  
 0.03091670243  , -0.05090667916  
 0.03864587803  , -0.06274376772  
 0.04637505364  , -0.07384039146  
 0.05410422925  , -0.07820676612  
 0.06183340485  , -0.06705496901  
 0.06956258046  , -0.05558549115  
 0.07729175607  , -0.04381932443  
 0.08502093167  , -0.03178691639  
 0.09275010728  , -0.02130434784  
 0.1004792829   , -0.02580968372  
 0.1082084585   , -0.02980934314  
 0.1159376341   , -0.02746566259  
 0.1236668097   , -0.01328102713  
 0.1313959853   , -0.0006143087693
 0.1391251609   ,  0.009675020083 
 0.1468543365   ,  0.01650130171  
 0.1545835121   ,  0.01892716222  
 0.1572888781   ,  0.0190262459   
 0.1599942441   ,  0.01932636689  
 0.1626996101   ,  0.01982331525  
 0.1654049761   ,  0.0205136953   
 0.1681103421   ,  0.02139986351  
 0.1708157081   ,  0.0224783978   
 0.1735210741   ,  0.02374169738  
 0.1762264401   ,  0.02518436879  
 0.1789318061   ,  0.02680034759  
 0.1816371721   ,  0.02858607319  
 0.1843425381   ,  0.03053401778  
 0.187047904    ,  0.03263109464  
 0.18975327     ,  0.03487347614  
 0.192458636    ,  0.03725724131  
 0.195164002    ,  0.03728928023  
 0.197869368    ,  0.03227377387  
 0.200574734    ,  0.0273386349   
 0.2032801      ,  0.0224937866   
 0.205985466    ,  0.01774748361  
 0.208690832    ,  0.01310835429  
 0.2164200076   ,  0.01343353039  
 0.2241491832   ,  0.01440401761  
 0.2318783588   ,  0.01601657348  
 0.2396075344   ,  0.01346722596  
 0.24733671     , -0.001743549973 
 0.2550658856   , -0.01726568704  
 0.2627950612   , -0.03283321441  
 0.2705242368   , -0.04824762742  
 0.2782534124   , -0.06335405392  
 0.2859825881   , -0.07796114767  
 0.2937117637   , -0.09175597121  
 0.3014409393   , -0.1039258303   
 0.3091701149   , -0.1060950205   
 0.3168992905   , -0.09612733468  
 0.3246284661   , -0.08553455521  
 0.3323576417   , -0.07438500981  
 0.3400868173   , -0.06282245904  
 0.3478159929   , -0.05120150438  
 0.3555451685   , -0.04065093109  
 0.3632743441   , -0.03539514897  
 0.3714633099   , -0.04065118971  
 0.3796522757   , -0.05120314779  
 0.3878412415   , -0.06282578637  
 0.3960302073   , -0.07438992777  
 0.4042191731   , -0.08554481631  
 0.4124081389   , -0.09614185228  
 0.4205971047   , -0.1061138119   
 0.4287860704   , -0.1039249577   
 0.4369750362   , -0.09176025593  
 0.445164002    , -0.07796897478  
 0.4533529678   , -0.06335637863  
 0.4615419336   , -0.04824906463  
 0.4697308994   , -0.03283271558  
 0.4779198652   , -0.01726228866  
 0.486108831    , -0.001731015817 
 0.4942977968   ,  0.01347715064  
 0.5024867626   ,  0.01583759016  
 0.5106757283   ,  0.01422039994  
 0.5188646941   ,  0.01324304476  
 0.5270536599   ,  0.01291703948  
 0.5347828355   ,  0.01324566408  
 0.5425120111   ,  0.01421683448  
 0.5502411867   ,  0.01583303972  
 0.5579703624   ,  0.01347847751  
 0.565699538    , -0.001734535437 
 0.5734287136   , -0.01725823864  
 0.5811578892   , -0.03283018395  
 0.5888870648   , -0.04825280766  
 0.5966162404   , -0.06336009156  
 0.604345416    , -0.0779696831   
 0.6120745916   , -0.09176375374  
 0.6198037672   , -0.1039239365   
 0.6275329428   , -0.1061566286   
 0.6352621184   , -0.09619001087  
 0.642991294    , -0.08559327796  
 0.6507204696   , -0.0744402545   
 0.6584496452   , -0.06287760836  
 0.6661788208   , -0.05125471642  
 0.6739079965   , -0.04070257461  
 0.6816371721   , -0.03544587407  
 0.6898261378   , -0.03972559861  
 0.6980151036   , -0.0486987719   
 0.7062040694   , -0.05879501729  
 0.7143930352   , -0.06888841495  
 0.722582001    , -0.07861355638  
 0.7307709668   , -0.08781178137  
 0.7389599326   , -0.09295753356  
 0.7471488984   , -0.08209399651  
 0.7553378642   , -0.06903158142  
 0.76352683     , -0.05481135224  
 0.7717157958   , -0.04011424083  
 0.7799047615   , -0.02533784637  
 0.7880937273   , -0.01788710813  
 0.7962826931   , -0.02397642265  
 0.8044716589   , -0.02550700171  
 0.8126606247   , -0.01196653631  
 0.8208495905   ,  0.0001714187662
 0.8290385563   ,  0.01004139385  
 0.8372275221   ,  0.01661049761  
 0.8454164879   ,  0.018930837    
 0.8531456635   ,  0.01651031204  
 0.8608748391   ,  0.009665424543 
 0.8686040147   , -0.0006159390895
 0.8763331903   , -0.01328730829  
 0.8840623659   , -0.02747659551  
 0.8917915415   , -0.02996630502  
 0.8995207171   , -0.02596362038  
 0.9072498927   , -0.02145439646  
 0.9149790683   , -0.03179158367  
 0.9227082439   , -0.04381058931  
 0.9304374195   , -0.05557944184  
 0.9381665951   , -0.06705269437  
 0.9458957708   , -0.07819210536  
 0.9536249464   , -0.07388198777  
 0.961354122    , -0.06278509702  
 0.9690832976   , -0.05094773602  
 0.9768124732   , -0.03837795482  
 0.9845416488   , -0.02507770895  
 0.9922708244   , -0.02599589593  
 1              , -0.03873696331  

Line(Band 12)
xData [141]     , yData [141]     
                , Hartree         
 0              ,  0.003706559643 
 0.007729175607 , -0.01101726337  
 0.01545835121  , -0.01385324423  
 0.02318752682  , -0.003341114821 
 0.03091670243  ,  0.004260952508 
 0.03864587803  ,  0.00780478595  
 0.04637505364  ,  0.007391141221 
 0.05410422925  ,  0.004234027887 
 0.06183340485  , -0.0004084260589
 0.06956258046  , -0.005681915181 
 0.07729175607  , -0.01109585595  
 0.08502093167  , -0.01636229314  
 0.09275010728  , -0.01955886778  
 0.1004792829   , -0.007159539988 
 0.1082084585   ,  0.005341983838 
 0.1159376341   ,  0.01786886308  
 0.1236668097   ,  0.03027556767  
 0.1313959853   ,  0.04238997705  
 0.1391251609   ,  0.0537649362   
 0.1468543365   ,  0.06323923413  
 0.1545835121   ,  0.06749589592  
 0.1572888781   ,  0.06774547388  
 0.1599942441   ,  0.06848788912  
 0.1626996101   ,  0.06970606884  
 0.1654049761   ,  0.07136754087  
 0.1681103421   ,  0.07344461756  
 0.1708157081   ,  0.07589290446  
 0.1735210741   ,  0.07860248514  
 0.1762264401   ,  0.07354194802  
 0.1789318061   ,  0.06838123202  
 0.1816371721   ,  0.06316266054  
 0.1843425381   ,  0.05793405308  
 0.187047904    ,  0.05271185536  
 0.18975327     ,  0.04752111709  
 0.192458636    ,  0.04237496264  
 0.195164002    ,  0.03977013907  
 0.197869368    ,  0.04240276214  
 0.200574734    ,  0.04514008189  
 0.2032801      ,  0.04797955281  
 0.205985466    ,  0.05090718058  
 0.208690832    ,  0.05391274717  
 0.2164200076   ,  0.05022339518  
 0.2241491832   ,  0.0407030344   
 0.2318783588   ,  0.02790910017  
 0.2396075344   ,  0.01825269996  
 0.24733671     ,  0.02110219732  
 0.2550658856   ,  0.02453481928  
 0.2627950612   ,  0.02850556015  
 0.2705242368   ,  0.03296675622  
 0.2782534124   ,  0.03782097349  
 0.2859825881   ,  0.04291518968  
 0.2937117637   ,  0.04798325865  
 0.3014409393   ,  0.05252271697  
 0.3091701149   ,  0.05549762528  
 0.3168992905   ,  0.05505071782  
 0.3246284661   ,  0.04934841752  
 0.3323576417   ,  0.03898877578  
 0.3400868173   ,  0.02628850652  
 0.3478159929   ,  0.01315885503  
 0.3555451685   ,  0.001494247907 
 0.3632743441   , -0.004165694491 
 0.3714633099   ,  0.001493806226 
 0.3796522757   ,  0.01315572887  
 0.3878412415   ,  0.02628272308  
 0.3960302073   ,  0.03898743687  
 0.4042191731   ,  0.04934039622  
 0.4124081389   ,  0.05503393228  
 0.4205971047   ,  0.05547237193  
 0.4287860704   ,  0.05248336043  
 0.4369750362   ,  0.0479317105   
 0.445164002    ,  0.04284071357  
 0.4533529678   ,  0.03772784935  
 0.4615419336   ,  0.03285777346  
 0.4697308994   ,  0.02838166056  
 0.4779198652   ,  0.02439122794  
 0.486108831    ,  0.02094805738  
 0.4942977968   ,  0.01808532514  
 0.5024867626   ,  0.02791093429  
 0.5106757283   ,  0.04070793564  
 0.5188646941   ,  0.05022967974  
 0.5270536599   ,  0.05393490416  
 0.5347828355   ,  0.05023081661  
 0.5425120111   ,  0.04070674824  
 0.5502411867   ,  0.02791292986  
 0.5579703624   ,  0.01807489718  
 0.565699538    ,  0.02092385626  
 0.5734287136   ,  0.02435985077  
 0.5811578892   ,  0.02833996995  
 0.5888870648   ,  0.03280624463  
 0.5966162404   ,  0.03766408974  
 0.604345416    ,  0.04277345735  
 0.6120745916   ,  0.04785948379  
 0.6198037672   ,  0.05241529906  
 0.6275329428   ,  0.05540968245  
 0.6352621184   ,  0.05498611105  
 0.642991294    ,  0.04929589029  
 0.6507204696   ,  0.03893726622  
 0.6584496452   ,  0.02623141794  
 0.6661788208   ,  0.01309966956  
 0.6739079965   ,  0.001431595937 
 0.6816371721   , -0.004225758824 
 0.6898261378   ,  0.0003289996368
 0.6980151036   ,  0.009972395504 
 0.7062040694   ,  0.02055611062  
 0.7143930352   ,  0.02966340939  
 0.722582001    ,  0.03472996268  
 0.7307709668   ,  0.03409191196  
 0.7389599326   ,  0.0289117078   
 0.7471488984   ,  0.02141091105  
 0.7553378642   ,  0.01307022426  
 0.76352683     ,  0.004646250972 
 0.7717157958   , -0.003457829442 
 0.7799047615   , -0.01101553818  
 0.7880937273   , -0.01072702154  
 0.7962826931   ,  0.003548191171 
 0.8044716589   ,  0.01734161928  
 0.8126606247   ,  0.03053100897  
 0.8208495905   ,  0.04296019262  
 0.8290385563   ,  0.05429392142  
 0.8372275221   ,  0.06352508544  
 0.8454164879   ,  0.06760789636  
 0.8531456635   ,  0.06332863603  
 0.8608748391   ,  0.05383154076  
 0.8686040147   ,  0.04243967968  
 0.8763331903   ,  0.0303171895   
 0.8840623659   ,  0.01789120585  
 0.8917915415   ,  0.005366782458 
 0.8995207171   , -0.007149199486 
 0.9072498927   , -0.01954899553  
 0.9149790683   , -0.01650850078  
 0.9227082439   , -0.01123677584  
 0.9304374195   , -0.005816548196 
 0.9381665951   , -0.0005323023039
 0.9458957708   ,  0.004122543638 
 0.9536249464   ,  0.007298246313 
 0.961354122    ,  0.007730292775 
 0.9690832976   ,  0.004202457224 
 0.9768124732   , -0.003393732907 
 0.9845416488   , -0.01390391617  
 0.9922708244   , -0.01105910348  
 1              ,  0.003667189836 

Line(Band 13)
xData [141]     , yData [141]     
                , Hartree         
 0              ,  0.003706559643 
 0.007729175607 ,  0.01912800905  
 0.01545835121  ,  0.03523190256  
 0.02318752682  ,  0.05199064027  
 0.03091670243  ,  0.06938645545  
 0.03864587803  ,  0.0873696148   
 0.04637505364  ,  0.09889179015  
 0.05410422925  ,  0.1122715359   
 0.06183340485  ,  0.1281353837   
 0.06956258046  ,  0.1426860444   
 0.07729175607  ,  0.1360624656   
 0.08502093167  ,  0.1297062121   
 0.09275010728  ,  0.1239233458   
 0.1004792829   ,  0.1187713321   
 0.1082084585   ,  0.1142737153   
 0.1159376341   ,  0.1104506377   
 0.1236668097   ,  0.107316416    
 0.1313959853   ,  0.1048727183   
 0.1391251609   ,  0.1031274797   
 0.1468543365   ,  0.102073411    
 0.1545835121   ,  0.1009095733   
 0.1572888781   ,  0.1007226687   
 0.1599942441   ,  0.09913121702  
 0.1626996101   ,  0.09617042634  
 0.1654049761   ,  0.09243938189  
 0.1681103421   ,  0.08815974989  
 0.1708157081   ,  0.08350666211  
 0.1735210741   ,  0.07866900796  
 0.1762264401   ,  0.08172754882  
 0.1789318061   ,  0.08502756958  
 0.1816371721   ,  0.08478078912  
 0.1843425381   ,  0.08191198906  
 0.187047904    ,  0.07893757977  
 0.18975327     ,  0.07587884391  
 0.192458636    ,  0.07275906602  
 0.195164002    ,  0.06959978938  
 0.197869368    ,  0.06642589748  
 0.200574734    ,  0.06325343566  
 0.2032801      ,  0.06010009719  
 0.205985466    ,  0.05698139987  
 0.208690832    ,  0.05391274717  
 0.2164200076   ,  0.05022339518  
 0.2241491832   ,  0.04070303441  
 0.2318783588   ,  0.02790910017  
 0.2396075344   ,  0.01825269996  
 0.24733671     ,  0.02110219732  
 0.2550658856   ,  0.02453481928  
 0.2627950612   ,  0.02850556015  
 0.2705242368   ,  0.03296675623  
 0.2782534124   ,  0.03782097349  
 0.2859825881   ,  0.04291518968  
 0.2937117637   ,  0.04798325865  
 0.3014409393   ,  0.05252271697  
 0.3091701149   ,  0.05549762528  
 0.3168992905   ,  0.05505071782  
 0.3246284661   ,  0.04934841752  
 0.3323576417   ,  0.03898877578  
 0.3400868173   ,  0.02628850652  
 0.3478159929   ,  0.01315885503  
 0.3555451685   ,  0.001494247908 
 0.3632743441   , -0.004165694491 
 0.3714633099   ,  0.001493806226 
 0.3796522757   ,  0.01315572887  
 0.3878412415   ,  0.02628272308  
 0.3960302073   ,  0.03898743688  
 0.4042191731   ,  0.04934039622  
 0.4124081389   ,  0.05503393228  
 0.4205971047   ,  0.05547237193  
 0.4287860704   ,  0.05248336043  
 0.4369750362   ,  0.0479317105   
 0.445164002    ,  0.04284071357  
 0.4533529678   ,  0.03772784935  
 0.4615419336   ,  0.03285777346  
 0.4697308994   ,  0.02838166056  
 0.4779198652   ,  0.02439122794  
 0.486108831    ,  0.02094805738  
 0.4942977968   ,  0.01808532514  
 0.5024867626   ,  0.02791093429  
 0.5106757283   ,  0.04070793564  
 0.5188646941   ,  0.05022967974  
 0.5270536599   ,  0.05393490417  
 0.5347828355   ,  0.05023081661  
 0.5425120111   ,  0.04070674824  
 0.5502411867   ,  0.02791292986  
 0.5579703624   ,  0.01807489718  
 0.565699538    ,  0.02092385626  
 0.5734287136   ,  0.02435985077  
 0.5811578892   ,  0.02833996995  
 0.5888870648   ,  0.03280624463  
 0.5966162404   ,  0.03766408974  
 0.604345416    ,  0.04277345735  
 0.6120745916   ,  0.04785948379  
 0.6198037672   ,  0.05241529906  
 0.6275329428   ,  0.05540968245  
 0.6352621184   ,  0.05498611105  
 0.642991294    ,  0.04929589029  
 0.6507204696   ,  0.03893726622  
 0.6584496452   ,  0.02623141794  
 0.6661788208   ,  0.01309966956  
 0.6739079965   ,  0.001431595937 
 0.6816371721   , -0.004225758824 
 0.6898261378   ,  0.00256319307  
 0.6980151036   ,  0.0162228956   
 0.7062040694   ,  0.03180800588  
 0.7143930352   ,  0.04790053635  
 0.722582001    ,  0.06346425439  
 0.7307709668   ,  0.07684154003  
 0.7389599326   ,  0.08581101314  
 0.7471488984   ,  0.0901032914   
 0.7553378642   ,  0.09174461977  
 0.76352683     ,  0.09236803068  
 0.7717157958   ,  0.09274387872  
 0.7799047615   ,  0.09321104244  
 0.7880937273   ,  0.09391618293  
 0.7962826931   ,  0.09490802482  
 0.8044716589   ,  0.09615887658  
 0.8126606247   ,  0.09759437555  
 0.8208495905   ,  0.09907349598  
 0.8290385563   ,  0.1003997002   
 0.8372275221   ,  0.1013379411   
 0.8454164879   ,  0.1009159314   
 0.8531456635   ,  0.1020294308   
 0.8608748391   ,  0.1030786856   
 0.8686040147   ,  0.1048297167   
 0.8763331903   ,  0.10727283     
 0.8840623659   ,  0.1104058493   
 0.8917915415   ,  0.1142248226   
 0.8995207171   ,  0.1187206493   
 0.9072498927   ,  0.1238769014   
 0.9149790683   ,  0.1296644674   
 0.9227082439   ,  0.1360225127   
 0.9304374195   ,  0.1426509477   
 0.9381665951   ,  0.1279700691   
 0.9458957708   ,  0.1121097853   
 0.9536249464   ,  0.09872606583  
 0.961354122    ,  0.08733342545  
 0.9690832976   ,  0.06934395403  
 0.9768124732   ,  0.0519576772   
 0.9845416488   ,  0.0351965937   
 0.9922708244   ,  0.01909315728  
 1              ,  0.003667189837 

Line(Band 14)
xData [141]     , yData [141]     
                , Hartree         
 0              ,  0.1040681974   
 0.007729175607 ,  0.09597346641  
 0.01545835121  ,  0.08929188479  
 0.02318752682  ,  0.08504766193  
 0.03091670243  ,  0.08464359683  
 0.03864587803  ,  0.08928085382  
 0.04637505364  ,  0.1058992302   
 0.05410422925  ,  0.1247972336   
 0.06183340485  ,  0.1425860038   
 0.06956258046  ,  0.1456030553   
 0.07729175607  ,  0.1641113953   
 0.08502093167  ,  0.1604833242   
 0.09275010728  ,  0.153823821    
 0.1004792829   ,  0.1479355882   
 0.1082084585   ,  0.1428182254   
 0.1159376341   ,  0.1384702669   
 0.1236668097   ,  0.134227063    
 0.1313959853   ,  0.1237914984   
 0.1391251609   ,  0.1136397924   
 0.1468543365   ,  0.1049126851   
 0.1545835121   ,  0.1017354707   
 0.1572888781   ,  0.1010617105   
 0.1599942441   ,  0.1001659503   
 0.1626996101   ,  0.0992499939   
 0.1654049761   ,  0.09798403726  
 0.1681103421   ,  0.0964057469   
 0.1708157081   ,  0.0945393072   
 0.1735210741   ,  0.09241790142  
 0.1762264401   ,  0.09006347966  
 0.1789318061   ,  0.08750687267  
 0.1816371721   ,  0.08851663601  
 0.1843425381   ,  0.09218261183  
 0.187047904    ,  0.09596341978  
 0.18975327     ,  0.09983233034  
 0.192458636    ,  0.1037547487   
 0.195164002    ,  0.1077018265   
 0.197869368    ,  0.1116481057   
 0.200574734    ,  0.1155554644   
 0.2032801      ,  0.119383691    
 0.205985466    ,  0.1230820464   
 0.208690832    ,  0.1265840151   
 0.2164200076   ,  0.129731364    
 0.2241491832   ,  0.1372933556   
 0.2318783588   ,  0.1453954392   
 0.2396075344   ,  0.1513198436   
 0.24733671     ,  0.1561002579   
 0.2550658856   ,  0.1609664733   
 0.2627950612   ,  0.1663437293   
 0.2705242368   ,  0.1723759091   
 0.2782534124   ,  0.1791192368   
 0.2859825881   ,  0.17257141     
 0.2937117637   ,  0.1545740386   
 0.3014409393   ,  0.1377520249   
 0.3091701149   ,  0.1232148292   
 0.3168992905   ,  0.1128445188   
 0.3246284661   ,  0.1084065597   
 0.3323576417   ,  0.109174953    
 0.3400868173   ,  0.1126290562   
 0.3478159929   ,  0.1166627647   
 0.3555451685   ,  0.1197969391   
 0.3632743441   ,  0.1209734257   
 0.3714633099   ,  0.1197921015   
 0.3796522757   ,  0.1166616839   
 0.3878412415   ,  0.1126232212   
 0.3960302073   ,  0.1091654496   
 0.4042191731   ,  0.1083897311   
 0.4124081389   ,  0.112812097    
 0.4205971047   ,  0.1231726256   
 0.4287860704   ,  0.1376912529   
 0.4369750362   ,  0.1544832964   
 0.445164002    ,  0.1723978105   
 0.4533529678   ,  0.1880666983   
 0.4615419336   ,  0.1840178264   
 0.4697308994   ,  0.1799333494   
 0.4779198652   ,  0.1763217266   
 0.486108831    ,  0.1719860233   
 0.4942977968   ,  0.1633214712   
 0.5024867626   ,  0.1514679283   
 0.5106757283   ,  0.1400986727   
 0.5188646941   ,  0.1314207155   
 0.5270536599   ,  0.1280141848   
 0.5347828355   ,  0.1314309704   
 0.5425120111   ,  0.1401453947   
 0.5502411867   ,  0.1516794968   
 0.5579703624   ,  0.1643517277   
 0.565699538    ,  0.1768437746   
 0.5734287136   ,  0.187552916    
 0.5811578892   ,  0.1958404876   
 0.5888870648   ,  0.2030270053   
 0.5966162404   ,  0.190450974    
 0.604345416    ,  0.1722872745   
 0.6120745916   ,  0.1543759307   
 0.6198037672   ,  0.1375861372   
 0.6275329428   ,  0.1230600157   
 0.6352621184   ,  0.112689573    
 0.642991294    ,  0.1082632135   
 0.6507204696   ,  0.1090512971   
 0.6584496452   ,  0.1125321167   
 0.6661788208   ,  0.1165867515   
 0.6739079965   ,  0.1197359408   
 0.6816371721   ,  0.1209264874   
 0.6898261378   ,  0.1186477962   
 0.6980151036   ,  0.1129054378   
 0.7062040694   ,  0.1060313542   
 0.7143930352   ,  0.1007082834   
 0.722582001    ,  0.09994481134  
 0.7307709668   ,  0.1057066489   
 0.7389599326   ,  0.1170131452   
 0.7471488984   ,  0.1317159232   
 0.7553378642   ,  0.1483801812   
 0.76352683     ,  0.1662093872   
 0.7717157958   ,  0.1847120134   
 0.7799047615   ,  0.1835626315   
 0.7880937273   ,  0.1713314738   
 0.7962826931   ,  0.1590088013   
 0.8044716589   ,  0.1469120471   
 0.8126606247   ,  0.1351900093   
 0.8208495905   ,  0.1239640713   
 0.8290385563   ,  0.1135082322   
 0.8372275221   ,  0.1048087924   
 0.8454164879   ,  0.1016766507   
 0.8531456635   ,  0.1049397461   
 0.8608748391   ,  0.1137278246   
 0.8686040147   ,  0.1239347863   
 0.8763331903   ,  0.1344357774   
 0.8840623659   ,  0.1448477914   
 0.8917915415   ,  0.1550139636   
 0.8995207171   ,  0.1619017518   
 0.9072498927   ,  0.1644900955   
 0.9149790683   ,  0.1662496089   
 0.9227082439   ,  0.1639002188   
 0.9304374195   ,  0.1454254589   
 0.9381665951   ,  0.1425573797   
 0.9458957708   ,  0.1247626482   
 0.9536249464   ,  0.1058616473   
 0.961354122    ,  0.08910831474  
 0.9690832976   ,  0.08446889432  
 0.9768124732   ,  0.08487728834  
 0.9845416488   ,  0.08913655651  
 0.9922708244   ,  0.09583327443  
 1              ,  0.1039435321   

Line(Band 15)
xData [141]     , yData [141]     
                , Hartree         
 0              ,  0.1040681974   
 0.007729175607 ,  0.1129075468   
 0.01545835121  ,  0.1220151368   
 0.02318752682  ,  0.131010276    
 0.03091670243  ,  0.1395560354   
 0.03864587803  ,  0.1473361608   
 0.04637505364  ,  0.1540856896   
 0.05410422925  ,  0.1595870437   
 0.06183340485  ,  0.1539912429   
 0.06956258046  ,  0.1662016056   
 0.07729175607  ,  0.1679134745   
 0.08502093167  ,  0.1686334929   
 0.09275010728  ,  0.1683938255   
 0.1004792829   ,  0.164419533    
 0.1082084585   ,  0.1546420127   
 0.1159376341   ,  0.1445691925   
 0.1236668097   ,  0.1348897463   
 0.1313959853   ,  0.132076327    
 0.1391251609   ,  0.1300362299   
 0.1468543365   ,  0.1287896965   
 0.1545835121   ,  0.128368535    
 0.1572888781   ,  0.1284122022   
 0.1599942441   ,  0.1285431624   
 0.1626996101   ,  0.1287607972   
 0.1654049761   ,  0.129064082    
 0.1681103421   ,  0.1294514698   
 0.1708157081   ,  0.1299205625   
 0.1735210741   ,  0.1304680896   
 0.1762264401   ,  0.1310887984   
 0.1789318061   ,  0.1317756618   
 0.1816371721   ,  0.132517341    
 0.1843425381   ,  0.1332963992   
 0.187047904    ,  0.1340827684   
 0.18975327     ,  0.1348261817   
 0.192458636    ,  0.1354362726   
 0.195164002    ,  0.1357521389   
 0.197869368    ,  0.135517898    
 0.200574734    ,  0.1344550463   
 0.2032801      ,  0.132478024    
 0.205985466    ,  0.129773232    
 0.208690832    ,  0.1265840151   
 0.2164200076   ,  0.1297313641   
 0.2241491832   ,  0.1372933556   
 0.2318783588   ,  0.1453954392   
 0.2396075344   ,  0.1513198436   
 0.24733671     ,  0.1561002579   
 0.2550658856   ,  0.1609664733   
 0.2627950612   ,  0.1663437293   
 0.2705242368   ,  0.1723759091   
 0.2782534124   ,  0.1791192369   
 0.2859825881   ,  0.17257141     
 0.2937117637   ,  0.1545740386   
 0.3014409393   ,  0.1377520249   
 0.3091701149   ,  0.1232148292   
 0.3168992905   ,  0.1128445188   
 0.3246284661   ,  0.1084065597   
 0.3323576417   ,  0.109174953    
 0.3400868173   ,  0.1126290562   
 0.3478159929   ,  0.1166627647   
 0.3555451685   ,  0.1197969391   
 0.3632743441   ,  0.1209734257   
 0.3714633099   ,  0.1197921015   
 0.3796522757   ,  0.1166616839   
 0.3878412415   ,  0.1126232212   
 0.3960302073   ,  0.1091654496   
 0.4042191731   ,  0.1083897311   
 0.4124081389   ,  0.112812097    
 0.4205971047   ,  0.1231726256   
 0.4287860704   ,  0.1376912529   
 0.4369750362   ,  0.1544832964   
 0.445164002    ,  0.1723978105   
 0.4533529678   ,  0.1880666984   
 0.4615419336   ,  0.1840178264   
 0.4697308994   ,  0.1799333494   
 0.4779198652   ,  0.1763217266   
 0.486108831    ,  0.1719860233   
 0.4942977968   ,  0.1633214713   
 0.5024867626   ,  0.1514679283   
 0.5106757283   ,  0.1400986728   
 0.5188646941   ,  0.1314207155   
 0.5270536599   ,  0.1280141848   
 0.5347828355   ,  0.1314309704   
 0.5425120111   ,  0.1401453947   
 0.5502411867   ,  0.1516794968   
 0.5579703624   ,  0.1643517277   
 0.565699538    ,  0.1768437747   
 0.5734287136   ,  0.1875529162   
 0.5811578892   ,  0.1958404879   
 0.5888870648   ,  0.2030270055   
 0.5966162404   ,  0.1904509741   
 0.604345416    ,  0.1722872745   
 0.6120745916   ,  0.1543759307   
 0.6198037672   ,  0.1375861372   
 0.6275329428   ,  0.1230600157   
 0.6352621184   ,  0.112689573    
 0.642991294    ,  0.1082632135   
 0.6507204696   ,  0.1090512971   
 0.6584496452   ,  0.1125321168   
 0.6661788208   ,  0.1165867515   
 0.6739079965   ,  0.1197359408   
 0.6816371721   ,  0.1209264874   
 0.6898261378   ,  0.1206222142   
 0.6980151036   ,  0.1198177186   
 0.7062040694   ,  0.1188087069   
 0.7143930352   ,  0.1181027296   
 0.722582001    ,  0.1185869918   
 0.7307709668   ,  0.1219600965   
 0.7389599326   ,  0.1304557223   
 0.7471488984   ,  0.1442961591   
 0.7553378642   ,  0.1612796106   
 0.76352683     ,  0.1791591817   
 0.7717157958   ,  0.1923664808   
 0.7799047615   ,  0.1848913168   
 0.7880937273   ,  0.1773750994   
 0.7962826931   ,  0.1705553882   
 0.8044716589   ,  0.1644609511   
 0.8126606247   ,  0.1591371341   
 0.8208495905   ,  0.1546770848   
 0.8290385563   ,  0.1512437639   
 0.8372275221   ,  0.1490489519   
 0.8454164879   ,  0.1482885112   
 0.8531456635   ,  0.1486202597   
 0.8608748391   ,  0.1496021853   
 0.8686040147   ,  0.1512073993   
 0.8763331903   ,  0.1533785641   
 0.8840623659   ,  0.1560141301   
 0.8917915415   ,  0.1589460983   
 0.8995207171   ,  0.164868002    
 0.9072498927   ,  0.1744071077   
 0.9149790683   ,  0.1829870763   
 0.9227082439   ,  0.1667908552   
 0.9304374195   ,  0.1658918278   
 0.9381665951   ,  0.1539599928   
 0.9458957708   ,  0.1594621463   
 0.9536249464   ,  0.154018483    
 0.961354122    ,  0.1472802569   
 0.9690832976   ,  0.1394926139   
 0.9768124732   ,  0.1309383617   
 0.9845416488   ,  0.1219277768   
 0.9922708244   ,  0.1127992048   
 1              ,  0.1039435321   

Line()
xData [1]       , yData [1]       
                , Hartree         
 0.961354122    ,  0.08733342545  

Line()
xData [1]       , yData [1]       
                , eV              
 0              ,  0              

