B             0.6044469014        0.7524799214        0.4860446333
B             0.7024885145        0.7504687420        0.5025387980
B             0.7986812857        0.7491515733        0.5000210631
B             0.8978252537        0.7494228386        0.5022983580
B             0.5480426319        0.8742403225        0.5020859856
B             0.6489359563        0.8762469148        0.5012857859
B             0.8522883415        0.8752977826        0.5010949754
B             0.9518884536        0.8754774067        0.4989578182
B             0.6008846951        0.0007967443        0.5060092846
B             0.7015515339        0.0005230024        0.4924147142
B             0.7981000935       -0.0006425982        0.4977396401
B             0.8974040963       -0.0002385474        0.4983586470
B             0.5480875995        0.1258103752        0.5024185914
B             0.6488880595        0.1240858679        0.5021148117
B             0.8525737234        0.1258069209        0.5037610619
B             0.9518687963        0.1261650162        0.4970716263
B             0.6041830762        0.2489751856        0.4961449571
B             0.7026448727        0.2511428082        0.4966556012
B             0.7987809930        0.2498670566        0.5042299944
B             0.8978858190        0.2498092854        0.4987222172
B             0.5485029785        0.3707005308        0.5034774900
B             0.6500250190        0.3734219593        0.4846906490
B             0.8521551907        0.3755367273        0.4994431234
B             0.9522395908        0.3761341935        0.5012439436
B             0.6051211461        0.5000133485        0.5157317625
B             0.7030246646        0.4997346229        0.5008061455
B             0.7986634567        0.4992646075        0.4980933268
B             0.8983391481        0.4998659055        0.4989370374
B             0.5482727719        0.6315426125        0.4944644575
B             0.6495986289        0.6264875488        0.4951094905
B             0.8525643509        0.6254769973        0.4976365593
B             0.9521153144        0.6248896830        0.5037598413
B             0.1020294005        0.7494561101        0.5022889524
B             0.2012347741        0.7490547033        0.5000856860
B             0.2974428365        0.7503914732        0.5025928990
B             0.3954932678        0.7524880395        0.4857309036
B             0.0479889866        0.8755135122        0.4988807920
B             0.1475917062        0.8752808796        0.5011301958
B             0.3510436774        0.8761960775        0.5016734413
B             0.4519641752        0.8742303193        0.5018687699
B             0.1024451977       -0.0002331992        0.4985469612
B             0.2017861734       -0.0005970822        0.4979122739
B             0.2983517389        0.0004345141        0.4927367374
B             0.3990052991        0.0007479081        0.5056766653
B             0.0479793214        0.1261229022        0.4970794427
B             0.1473013811        0.1258109112        0.5036446391
B             0.3509944237        0.1240662186        0.5025165371
B             0.4517987460        0.1257516851        0.5021266891
B             0.1019560635        0.2498105559        0.4986977667
B             0.2010956314        0.2499985416        0.5041396431
B             0.2972475764        0.2511235606        0.4965553423
B             0.3957669475        0.2489198343        0.4958047831
B             0.0476225552        0.3761124378        0.5013405616
B             0.1477533668        0.3755221562        0.4994464285
B             0.3498882423        0.3733604304        0.4839489863
B             0.4514801179        0.3706992057        0.5027433891
B             0.1015902119        0.4998606525        0.4992422637
B             0.2011881043        0.4991730077        0.4981357887
B             0.2968405925        0.4996602580        0.5004609120
B             0.3948659570        0.4999656485        0.5134803333
B             0.0477480060        0.6248876293        0.5038895641
B             0.1472700189        0.6254820467        0.4975024990
B             0.3503195734        0.6264203458        0.4947475195
B             0.4516917040        0.6317806338        0.4936407763
Fe            0.4998278687        0.5039243141        0.6118311636


